2 0.472260 0.541840 0.089040 0.194027
2 0.618330 0.611253 0.074660 0.193227
2 0.753710 0.561267 0.066500 0.207387
2 0.750280 0.920800 0.086320 0.158400
2 0.195970 0.183547 0.068580 0.157973
2 0.519050 0.180293 0.020540 0.038560
2 0.930350 0.095800 0.020260 0.037627
2 0.837850 0.056253 0.026500 0.059493
2 0.659830 0.149520 0.033100 0.120427
2 0.520800 0.158453 0.018200 0.040800
2 0.954550 0.097973 0.026100 0.038133
2 0.363590 0.137027 0.034220 0.066747
2 0.895820 0.045253 0.026720 0.076640
2 0.565000 0.141333 0.850000 0.282667
