2 0.382938 0.225333 0.023125 0.105625
2 0.328258 0.224969 0.022109 0.097146
2 0.471266 0.184740 0.019219 0.093396
2 0.451492 0.186135 0.021297 0.099396
2 0.360672 0.716854 0.057313 0.148333
2 0.621875 0.169031 0.032094 0.060312
2 0.093063 0.204135 0.018844 0.125604
2 0.351102 0.208073 0.025766 0.136063
2 0.524461 0.204354 0.026328 0.117917
2 0.557102 0.180219 0.040266 0.099646
2 0.584453 0.169760 0.028156 0.056646
2 0.203359 0.193156 0.055656 0.174896
2 0.927102 0.216385 0.037484 0.084271
2 0.232813 0.154167 0.028125 0.054167
