2 0.240359 0.329828 0.133750 0.639021
2 0.307344 0.152130 0.112594 0.276958
2 0.375531 0.190331 0.099500 0.183307
2 0.581172 0.179286 0.079719 0.189735
2 0.775531 0.224087 0.098062 0.232460
2 0.968258 0.274272 0.062953 0.203148
2 0.692234 0.230833 0.076000 0.129127
2 0.423250 0.181177 0.057281 0.167169
2 0.131820 0.313228 0.032359 0.049894
2 0.449734 0.123889 0.059844 0.160053
2 0.482391 0.140952 0.048688 0.084815
2 0.607273 0.176680 0.029203 0.062196
2 0.039227 0.335529 0.010422 0.049206
2 0.697656 0.173280 0.476562 0.235450
