2 0.518180 0.642738 0.009234 0.024194
2 0.816359 0.673223 0.062062 0.100372
2 0.473922 0.638068 0.025781 0.110806
2 0.450539 0.186725 0.052953 0.132996
2 0.511039 0.183781 0.072547 0.166570
2 0.611680 0.427676 0.037109 0.076384
2 0.630609 0.422810 0.034625 0.066074
2 0.686086 0.497025 0.009703 0.017355
2 0.571594 0.646725 0.005906 0.010764
2 0.667781 0.485671 0.013875 0.039979
2 0.669656 0.587510 0.003063 0.006756
2 0.656750 0.484855 0.011656 0.033554
2 0.500070 0.677459 0.044641 0.183264
2 0.673438 0.588843 0.221875 0.239669
