2 0.180141 0.492670 0.273531 0.663043
2 0.443789 0.562553 0.056297 0.152383
2 0.308234 0.603447 0.047594 0.218723
2 0.270219 0.584915 0.032375 0.238511
2 0.238234 0.585660 0.059125 0.261064
2 0.534070 0.527543 0.066297 0.242106
2 0.630180 0.597351 0.044484 0.223213
2 0.752680 0.563574 0.054359 0.279404
2 0.342414 0.591713 0.030234 0.222532
2 0.191234 0.606660 0.036687 0.215787
2 0.492531 0.557968 0.034469 0.174106
2 0.407742 0.567245 0.037703 0.220319
2 0.660758 0.617000 0.069016 0.173064
2 0.499219 0.573404 0.995313 0.291489
