2 0.740648 0.076030 0.044984 0.103349
2 0.640258 0.064953 0.032891 0.126721
2 0.405453 0.512529 0.073750 0.165808
2 0.119070 0.060749 0.027547 0.094098
2 0.166984 0.065152 0.027906 0.070539
2 0.323102 0.048326 0.046484 0.051686
2 0.032234 0.100000 0.046469 0.060656
2 0.367758 0.046089 0.028672 0.042155
2 0.507148 0.532131 0.099203 0.192693
2 0.453305 0.532658 0.062703 0.106862
2 0.284734 0.054426 0.033344 0.056674
2 0.190031 0.048103 0.037312 0.096206
2 0.801289 0.064204 0.048641 0.069953
2 0.509375 0.056206 0.978125 0.112412
