2 0.515641 0.393262 0.042000 0.058442
2 0.725867 0.425181 0.053484 0.077765
2 0.565078 0.390102 0.049312 0.059481
2 0.404312 0.408928 0.036219 0.046614
2 0.369992 0.409323 0.046016 0.050971
2 0.260922 0.420214 0.046437 0.051354
2 0.296695 0.425632 0.028641 0.028465
2 0.220672 0.428826 0.030062 0.035801
2 0.324312 0.417054 0.037250 0.046253
2 0.689297 0.419605 0.034531 0.072573
2 0.633898 0.411930 0.040266 0.067923
2 0.669063 0.423183 0.021250 0.064244
2 0.474578 0.413849 0.020313 0.021422
2 0.171875 0.427765 0.065625 0.056433
