2 0.605796 0.652375 0.059977 0.041938
2 0.361639 0.693359 0.364778 0.533500
2 0.252974 0.471742 0.026745 0.044203
2 0.646112 0.586602 0.078548 0.075172
2 0.069508 0.652945 0.070867 0.054391
2 0.496054 0.649148 0.050843 0.051109
2 0.711651 0.532703 0.068407 0.054969
2 0.719075 0.592586 0.087190 0.070328
2 0.786920 0.614656 0.068970 0.050875
2 0.545890 0.648687 0.064192 0.047906
2 0.104438 0.592484 0.078150 0.071969
2 0.387881 0.475437 0.089063 0.058437
2 0.361710 0.429266 0.109274 0.048469
2 0.500000 0.455469 0.995316 0.732812
