2 0.384570 0.502248 0.085453 0.325855
2 0.781789 0.500831 0.065891 0.306347
2 0.550602 0.569696 0.024109 0.140047
2 0.615969 0.543173 0.020813 0.075433
2 0.563523 0.539098 0.018547 0.112436
2 0.592039 0.539098 0.020203 0.115808
2 0.105055 0.605995 0.036016 0.247307
2 0.730625 0.424614 0.050813 0.152927
2 0.093367 0.572201 0.045516 0.229274
2 0.464961 0.516639 0.033641 0.053138
2 0.324570 0.421581 0.081766 0.179977
2 0.891031 0.534731 0.034813 0.099906
2 0.621500 0.499532 0.013656 0.044496
2 0.310156 0.500000 0.620313 0.461358
