2 0.501258 0.472531 0.099703 0.227813
2 0.259453 0.866896 0.084594 0.165750
2 0.142961 0.277812 0.064047 0.140750
2 0.707836 0.265385 0.041859 0.107979
2 0.842133 0.228646 0.040078 0.169167
2 0.778766 0.031771 0.037812 0.063542
2 0.632242 0.034677 0.031109 0.068146
2 0.600164 0.035844 0.037547 0.068896
2 0.455875 0.029740 0.037156 0.059479
2 0.741211 0.032740 0.034953 0.065479
2 0.425641 0.038896 0.039438 0.067833
2 0.391133 0.041281 0.034516 0.067104
2 0.243242 0.038521 0.046516 0.077042
2 0.482031 0.041667 0.467187 0.079167
