2 0.529141 0.796604 0.024094 0.060583
2 0.492805 0.802469 0.014109 0.076021
2 0.212250 0.807823 0.015094 0.071604
2 0.715961 0.790729 0.022016 0.054708
2 0.741203 0.789490 0.023625 0.065562
2 0.778875 0.790854 0.030500 0.063875
2 0.934930 0.792865 0.017297 0.054229
2 0.855430 0.800979 0.021297 0.049708
2 0.598531 0.807281 0.023625 0.079063
2 0.921328 0.734031 0.008063 0.028063
2 0.088773 0.798844 0.009172 0.028313
2 0.298984 0.810115 0.020625 0.030937
2 0.697672 0.798323 0.028469 0.067187
2 0.512500 0.781250 0.956250 0.104167
