2 0.439320 0.619871 0.114922 0.100585
2 0.205187 0.514731 0.068937 0.247963
2 0.528633 0.612564 0.165672 0.573372
2 0.271773 0.579941 0.067828 0.121288
2 0.964672 0.482728 0.031281 0.244660
2 0.108375 0.462319 0.055875 0.223700
2 0.418367 0.527845 0.035203 0.086464
2 0.239063 0.444508 0.028844 0.091639
2 0.944125 0.480749 0.032375 0.247494
2 0.865016 0.540035 0.105844 0.048923
2 0.363531 0.560632 0.094156 0.182623
2 0.246297 0.644227 0.092906 0.052670
2 0.174086 0.606979 0.132766 0.165480
2 0.882812 0.467213 0.231250 0.227166
