2 0.230297 0.661771 0.053125 0.206875
2 0.715352 0.648281 0.070922 0.148813
2 0.823992 0.396323 0.028766 0.065354
2 0.863055 0.373833 0.018016 0.067042
2 0.623719 0.325292 0.015906 0.050917
2 0.101484 0.284031 0.013938 0.029854
2 0.227711 0.557906 0.044422 0.114729
2 0.127570 0.339823 0.026453 0.049979
2 0.143516 0.318198 0.028563 0.040354
2 0.092289 0.425229 0.031297 0.082583
2 0.179352 0.438354 0.020516 0.058500
2 0.128156 0.318146 0.023031 0.027417
2 0.128688 0.284052 0.017250 0.044854
2 0.517969 0.344792 0.901563 0.443750
