2 0.439523 0.789852 0.099703 0.419596
2 0.348703 0.699367 0.067906 0.275768
2 0.412641 0.561712 0.029656 0.075553
2 0.329023 0.575485 0.028297 0.126496
2 0.300063 0.607965 0.022031 0.147682
2 0.294914 0.566981 0.013828 0.078005
2 0.534289 0.563315 0.016109 0.070943
2 0.393281 0.675984 0.042719 0.277197
2 0.490836 0.567237 0.011078 0.052695
2 0.469898 0.559919 0.012703 0.056388
2 0.228930 0.604677 0.016328 0.122183
2 0.363977 0.568477 0.021641 0.094043
2 0.452555 0.558935 0.013484 0.066819
2 0.596875 0.586253 0.171875 0.132075
