2 0.562500 0.647979 0.243844 0.677125
2 0.436297 0.496500 0.047813 0.183917
2 0.466883 0.461146 0.033828 0.130750
2 0.344656 0.405812 0.025281 0.062292
2 0.265195 0.396490 0.011172 0.057479
2 0.087430 0.407177 0.035609 0.104271
2 0.124641 0.415656 0.035437 0.112812
2 0.838867 0.658406 0.168016 0.453396
2 0.254344 0.424813 0.027344 0.104500
2 0.449406 0.413781 0.011594 0.025521
2 0.226250 0.395531 0.011437 0.033854
2 0.280516 0.419948 0.023906 0.074229
2 0.147422 0.392448 0.012969 0.079021
2 0.500000 0.417708 0.996875 0.172917
