2 0.335430 0.735763 0.011953 0.054812
2 0.305312 0.718826 0.009375 0.043897
2 0.158461 0.726819 0.013828 0.028944
2 0.217211 0.722359 0.008234 0.037958
2 0.830953 0.716373 0.012625 0.027535
2 0.349656 0.735340 0.012594 0.059836
2 0.363648 0.718251 0.015203 0.052183
2 0.370508 0.729425 0.008297 0.019742
2 0.380297 0.715587 0.006563 0.029624
2 0.539930 0.713791 0.010609 0.025094
2 0.240922 0.735258 0.019250 0.055446
2 0.003930 0.734155 0.007859 0.047887
2 0.501836 0.730481 0.013359 0.049742
2 0.355469 0.726526 0.698438 0.086854
