2 0.610086 0.511593 0.021234 0.086464
2 0.710438 0.496300 0.034937 0.035504
2 0.757445 0.476007 0.041672 0.189297
2 0.343414 0.527693 0.060078 0.144614
2 0.395773 0.508618 0.026266 0.057096
2 0.541781 0.510211 0.044969 0.109180
2 0.598969 0.450562 0.010500 0.060656
2 0.581203 0.557892 0.052969 0.097049
2 0.521422 0.550164 0.055625 0.118782
2 0.787773 0.503841 0.019484 0.056253
2 0.820195 0.495433 0.027641 0.059016
2 0.844938 0.510843 0.024219 0.052974
2 0.301766 0.531745 0.037031 0.119274
2 0.500000 0.515222 0.993750 0.271663
