2 0.907805 0.473466 0.044234 0.156975
2 0.845117 0.479905 0.042141 0.159937
2 0.782570 0.492248 0.042766 0.141891
2 0.732266 0.493256 0.042094 0.160168
2 0.435961 0.449128 0.031484 0.121996
2 0.391937 0.448971 0.050844 0.127017
2 0.265773 0.439055 0.032078 0.070420
2 0.271937 0.532447 0.029906 0.138172
2 0.234953 0.553109 0.047438 0.145252
2 0.191289 0.551523 0.042141 0.152206
2 0.376859 0.545200 0.034250 0.144685
2 0.200437 0.484233 0.038875 0.060567
2 0.336945 0.482521 0.031609 0.117521
2 0.288281 0.497899 0.182812 0.205882
