2 0.723320 0.710812 0.070391 0.321958
2 0.835945 0.633698 0.031391 0.057313
2 0.861984 0.646917 0.019719 0.084417
2 0.897930 0.618875 0.017984 0.050250
2 0.920711 0.618594 0.017953 0.048063
2 0.952398 0.768177 0.095203 0.441271
2 0.151320 0.702354 0.068234 0.129125
2 0.099414 0.698021 0.061984 0.139375
2 0.817781 0.639771 0.016969 0.051792
2 0.780531 0.646698 0.019688 0.048479
2 0.907297 0.626052 0.016938 0.044271
2 0.799555 0.636531 0.028828 0.072354
2 0.877375 0.705094 0.024188 0.080604
2 0.467187 0.715625 0.931250 0.356250
