2 0.657480 0.783147 0.224960 0.433706
2 0.626540 0.372168 0.046080 0.314196
2 0.491050 0.595682 0.177060 0.273322
2 0.821720 0.233479 0.130600 0.343951
2 0.449070 0.405332 0.059860 0.128147
2 0.521080 0.399948 0.048320 0.118427
2 0.899110 0.497762 0.201780 0.982028
2 0.265060 0.728829 0.192400 0.352063
2 0.525200 0.495227 0.103280 0.203741
2 0.689350 0.284458 0.029060 0.071154
2 0.256720 0.387867 0.099600 0.147692
2 0.769030 0.298759 0.066380 0.138287
2 0.572990 0.293514 0.043060 0.093671
2 0.665000 0.339161 0.606000 0.559441
