2 0.795220 0.359763 0.168400 0.289941
2 0.197210 0.748476 0.049180 0.140385
2 0.628380 0.817781 0.036160 0.050828
2 0.919310 0.904645 0.013860 0.022485
2 0.319570 0.781598 0.044700 0.127574
2 0.128040 0.750518 0.054760 0.120562
2 0.049340 0.708846 0.055560 0.138639
2 0.095800 0.737441 0.040120 0.105178
2 0.060170 0.678757 0.025780 0.071420
2 0.849320 0.894157 0.023320 0.033698
2 0.270360 0.767101 0.050880 0.141834
2 0.439250 0.712278 0.065220 0.248580
2 0.362240 0.806435 0.042680 0.074527
2 0.313000 0.750000 0.626000 0.210059
