2 0.461664 0.401783 0.143766 0.543611
2 0.359828 0.351597 0.062344 0.278118
2 0.671445 0.490996 0.233203 0.677921
2 0.739734 0.507867 0.487812 0.804486
2 0.314422 0.379201 0.089625 0.430875
2 0.212047 0.371860 0.104969 0.354705
2 0.127148 0.345120 0.064578 0.264551
2 0.899906 0.267702 0.050094 0.064639
2 0.987883 0.443961 0.024234 0.214880
2 0.938367 0.346039 0.102484 0.277637
2 0.080047 0.318961 0.054875 0.241422
2 0.034023 0.309650 0.065359 0.283939
2 0.555438 0.329453 0.121875 0.583807
2 0.499219 0.362144 0.998437 0.312910
