2 0.664930 0.542938 0.031609 0.104750
2 0.629539 0.533573 0.030922 0.130229
2 0.871641 0.521469 0.028531 0.080521
2 0.831203 0.553229 0.035063 0.119667
2 0.603883 0.532042 0.025172 0.092917
2 0.502430 0.527073 0.037828 0.066146
2 0.964039 0.592490 0.056141 0.164563
2 0.984250 0.547104 0.031500 0.093500
2 0.568953 0.541573 0.030687 0.103813
2 0.592664 0.519375 0.013703 0.091292
2 0.788422 0.502177 0.023813 0.049396
2 0.542414 0.521469 0.017984 0.079813
2 0.850266 0.536135 0.020625 0.104562
2 0.434375 0.535417 0.443750 0.116667
