2 0.330438 0.642156 0.294281 0.715687
2 0.680641 0.382292 0.022656 0.029000
2 0.579242 0.412385 0.031609 0.055771
2 0.502102 0.377781 0.038172 0.093312
2 0.181672 0.395531 0.034313 0.112646
2 0.799727 0.360281 0.013203 0.041146
2 0.476680 0.378979 0.024203 0.071625
2 0.616703 0.417406 0.033500 0.049229
2 0.240828 0.405135 0.025281 0.074729
2 0.538422 0.378781 0.020031 0.063687
2 0.592562 0.411635 0.021188 0.038437
2 0.635203 0.416771 0.031094 0.041458
2 0.606391 0.380990 0.012937 0.051104
2 0.920312 0.360417 0.043750 0.025000
