2 0.865867 0.738745 0.268266 0.340084
2 0.336508 0.902249 0.243359 0.173033
2 0.893250 0.543745 0.048156 0.097280
2 0.660594 0.527667 0.026750 0.078556
2 0.796547 0.512437 0.036531 0.091946
2 0.191891 0.488556 0.034969 0.074937
2 0.706672 0.526851 0.032625 0.088724
2 0.683109 0.521736 0.028719 0.075105
2 0.757789 0.877531 0.347422 0.244937
2 0.521617 0.523630 0.011891 0.066423
2 0.563648 0.542218 0.035016 0.110209
2 0.960641 0.717197 0.078719 0.258117
2 0.835172 0.527249 0.043625 0.093285
2 0.632031 0.717573 0.732812 0.560669
