2 0.322000 0.746843 0.121406 0.339868
2 0.854727 0.331932 0.023172 0.079757
2 0.724297 0.820828 0.105500 0.261170
2 0.916844 0.517219 0.074719 0.180839
2 0.948961 0.536678 0.102078 0.195960
2 0.807969 0.381214 0.050969 0.153907
2 0.502836 0.464746 0.058234 0.133068
2 0.419117 0.715728 0.103391 0.483157
2 0.694797 0.378687 0.053438 0.103245
2 0.763195 0.282362 0.017234 0.049095
2 0.402477 0.360519 0.038734 0.121302
2 0.225875 0.498068 0.054906 0.178256
2 0.461523 0.463985 0.054422 0.164570
2 0.499219 0.369757 0.998437 0.346578
