2 0.664290 0.141509 0.066820 0.097337
2 0.737000 0.642027 0.080120 0.203166
2 0.248250 0.659926 0.088780 0.249142
2 0.345220 0.282781 0.074440 0.142367
2 0.349680 0.717707 0.035640 0.163521
2 0.410350 0.706908 0.030220 0.143462
2 0.891890 0.263092 0.046220 0.130148
2 0.950270 0.258624 0.031420 0.127130
2 0.925140 0.233299 0.027720 0.092692
2 0.034950 0.687633 0.029060 0.157515
2 0.525340 0.697766 0.036400 0.143284
2 0.513620 0.217722 0.020360 0.064024
2 0.990010 0.247175 0.019980 0.136479
2 0.499000 0.508876 0.998000 0.751479
