2 0.205718 0.612141 0.091914 0.180812
2 0.097871 0.625320 0.139282 0.245516
2 0.540634 0.631219 0.222177 0.215687
2 0.799689 0.595313 0.047895 0.089125
2 0.936806 0.612992 0.065431 0.159891
2 0.979354 0.617648 0.041292 0.158703
2 0.390084 0.573094 0.029976 0.066094
2 0.709318 0.573742 0.069737 0.099359
2 0.251722 0.637141 0.074163 0.126344
2 0.619414 0.561937 0.075766 0.076344
2 0.858708 0.608680 0.076364 0.138953
2 0.935861 0.846070 0.116986 0.285391
2 0.753349 0.591320 0.040718 0.086953
2 0.489234 0.582031 0.978469 0.135937
