2 0.557570 0.911903 0.088516 0.176194
2 0.479922 0.935014 0.095906 0.129972
2 0.307734 0.930486 0.073156 0.116583
2 0.986938 0.869639 0.026125 0.204444
2 0.657555 0.884139 0.039922 0.217778
2 0.387766 0.943361 0.067969 0.113278
2 0.406406 0.878444 0.039594 0.205500
2 0.861445 0.892139 0.056891 0.193278
2 0.247766 0.895722 0.044312 0.208556
2 0.226227 0.961444 0.065703 0.076167
2 0.788445 0.946236 0.068328 0.107528
2 0.960609 0.848569 0.038375 0.210861
2 0.682070 0.891194 0.023922 0.213833
2 0.499219 0.831944 0.998437 0.330556
