2 0.387570 0.542319 0.385328 0.820234
2 0.143438 0.432272 0.025375 0.040796
2 0.144602 0.466803 0.024328 0.040867
2 0.769125 0.197237 0.019156 0.064824
2 0.006633 0.463782 0.013266 0.038665
2 0.090000 0.417143 0.015250 0.038267
2 0.082211 0.463443 0.032578 0.039391
2 0.071141 0.303806 0.013594 0.033794
2 0.102594 0.223677 0.028750 0.065293
2 0.957578 0.482260 0.010750 0.027424
2 0.078133 0.605480 0.024328 0.105152
2 0.841312 0.539251 0.037937 0.198970
2 0.281609 0.661030 0.098781 0.319485
2 0.500000 0.419204 0.996875 0.772834
