2 0.734390 0.886213 0.037740 0.142613
2 0.568930 0.905933 0.030740 0.145413
2 0.499860 0.906200 0.033320 0.145307
2 0.469860 0.909187 0.032560 0.139653
2 0.427080 0.909533 0.039200 0.143280
2 0.284600 0.901253 0.017840 0.030667
2 0.621300 0.898453 0.030080 0.149653
2 0.664420 0.892293 0.034840 0.147787
2 0.592070 0.863813 0.021900 0.064907
2 0.530070 0.855253 0.021980 0.047200
2 0.360020 0.800240 0.010640 0.031787
2 0.935060 0.848040 0.019480 0.038960
2 0.133180 0.912160 0.020800 0.034987
2 0.502000 0.854667 0.992000 0.274667
