2 0.546211 0.447300 0.080734 0.242582
2 0.859328 0.482019 0.112187 0.262911
2 0.176727 0.510270 0.012609 0.046080
2 0.141758 0.482981 0.015453 0.030845
2 0.078047 0.513181 0.051438 0.115423
2 0.649609 0.511514 0.009906 0.028239
2 0.709289 0.454507 0.012453 0.029671
2 0.400758 0.470657 0.067984 0.205775
2 0.255188 0.575657 0.043000 0.175070
2 0.236164 0.437019 0.021359 0.059249
2 0.978930 0.746397 0.042141 0.076643
2 0.328398 0.436984 0.010922 0.062559
2 0.947430 0.924977 0.104734 0.148404
2 0.499219 0.551643 0.998437 0.305164
