2 0.983406 0.332078 0.033188 0.051656
2 0.562500 0.532453 0.202542 0.543187
2 0.726542 0.294578 0.083917 0.083531
2 0.872281 0.139156 0.043063 0.035969
2 0.823365 0.141641 0.060312 0.032750
2 0.684875 0.142906 0.043125 0.033063
2 0.644656 0.141195 0.046062 0.033703
2 0.603719 0.141570 0.030521 0.032172
2 0.594479 0.128594 0.046792 0.056594
2 0.903844 0.081383 0.065854 0.051516
2 0.188260 0.263695 0.037812 0.099234
2 0.406854 0.141336 0.037833 0.036797
2 0.445281 0.142883 0.042771 0.034047
2 0.500000 0.089844 0.995833 0.176563
