2 0.128267 0.793060 0.256533 0.413880
2 0.851920 0.879810 0.044693 0.120780
2 0.788560 0.869430 0.053440 0.133580
2 0.531907 0.873510 0.050160 0.037220
2 0.261920 0.833470 0.036320 0.033500
2 0.199640 0.851960 0.027760 0.069680
2 0.015320 0.832420 0.030640 0.062360
2 0.952000 0.879340 0.011840 0.039240
2 0.914600 0.849960 0.010480 0.022160
2 0.494480 0.872350 0.025547 0.026380
2 0.436493 0.860910 0.027227 0.028540
2 0.455373 0.863170 0.013307 0.031900
2 0.297747 0.837340 0.006800 0.027240
2 0.604000 0.859000 0.781333 0.086000
