2 0.514477 0.565293 0.081016 0.243404
2 0.548047 0.558545 0.084187 0.233615
2 0.519008 0.885153 0.107234 0.229695
2 0.850773 0.834460 0.199391 0.310798
2 0.961047 0.886514 0.076281 0.226972
2 0.274727 0.399554 0.023016 0.058732
2 0.161016 0.346115 0.026625 0.054812
2 0.511156 0.419002 0.030750 0.048521
2 0.100023 0.887171 0.178516 0.225657
2 0.320820 0.404613 0.052234 0.067254
2 0.339664 0.421573 0.032516 0.047371
2 0.705445 0.926326 0.083891 0.147347
2 0.369750 0.424613 0.028563 0.041573
2 0.500000 0.651408 0.996875 0.692488
