2 0.562914 0.639333 0.212359 0.433708
2 0.265117 0.754594 0.167047 0.257729
2 0.422875 0.221292 0.066594 0.135958
2 0.737844 0.229792 0.066656 0.161333
2 0.142180 0.699531 0.144547 0.358187
2 0.236586 0.420792 0.088953 0.137875
2 0.856875 0.257031 0.073219 0.105021
2 0.609273 0.069667 0.062359 0.089875
2 0.149938 0.417625 0.079656 0.156625
2 0.069695 0.426500 0.087703 0.139250
2 0.270344 0.241500 0.052750 0.149708
2 0.347141 0.084958 0.063844 0.078500
2 0.055258 0.098740 0.071422 0.090771
2 0.500000 0.131250 0.996875 0.262500
