2 0.381516 0.518645 0.158625 0.943411
2 0.234078 0.557547 0.157000 0.817056
2 0.614648 0.171916 0.081141 0.173037
2 0.155969 0.120631 0.072375 0.195280
2 0.261125 0.177453 0.079375 0.244206
2 0.644758 0.571752 0.176922 0.739907
2 0.700070 0.111624 0.091328 0.222360
2 0.102711 0.382290 0.199422 0.656963
2 0.924438 0.406741 0.149250 0.762360
2 0.755492 0.285958 0.130391 0.490935
2 0.801336 0.374112 0.140984 0.575421
2 0.345148 0.180444 0.073859 0.162710
2 0.485453 0.485794 0.136875 0.912617
2 0.499219 0.470794 0.998437 0.941589
