2 0.547219 0.686836 0.300313 0.333328
2 0.615698 0.418578 0.034104 0.048406
2 0.786177 0.377328 0.093104 0.101750
2 0.869490 0.415984 0.092979 0.074250
2 0.951635 0.414750 0.076354 0.068937
2 0.701875 0.371914 0.067417 0.086234
2 0.552938 0.361352 0.050958 0.090516
2 0.598396 0.488172 0.108792 0.141344
2 0.873385 0.446672 0.077396 0.068281
2 0.716865 0.452945 0.090979 0.068234
2 0.649448 0.439102 0.074146 0.084672
2 0.577740 0.387914 0.067021 0.087484
2 0.531937 0.423570 0.068667 0.093453
2 0.498958 0.300781 0.997917 0.601562
