2 0.773406 0.453928 0.345406 0.876399
2 0.312156 0.529214 0.585687 0.901113
2 0.471977 0.638200 0.163047 0.247201
2 0.062219 0.460671 0.124438 0.337087
2 0.948805 0.484280 0.102391 0.401817
2 0.617922 0.641424 0.151875 0.232275
2 0.463344 0.358036 0.115437 0.149427
2 0.087352 0.551015 0.053391 0.191915
2 0.900758 0.331956 0.054953 0.170098
2 0.146445 0.351514 0.078266 0.163944
2 0.628250 0.411751 0.103563 0.271326
2 0.595758 0.533617 0.155328 0.203372
2 0.515648 0.326146 0.044703 0.050393
2 0.689844 0.510638 0.617188 0.454992
