2 0.890094 0.833551 0.125969 0.332897
2 0.158133 0.799988 0.095797 0.368855
2 0.308336 0.795689 0.082453 0.362734
2 0.258039 0.805222 0.057578 0.323762
2 0.377297 0.761998 0.070031 0.261799
2 0.750977 0.837991 0.126859 0.301075
2 0.957000 0.868271 0.042031 0.141028
2 0.933141 0.788364 0.030719 0.128692
2 0.107234 0.753703 0.173531 0.481098
2 0.684195 0.765643 0.038391 0.130164
2 0.664313 0.792313 0.042094 0.060000
2 0.031266 0.773236 0.062531 0.415584
2 0.510680 0.700000 0.298766 0.574019
2 0.558594 0.762850 0.879687 0.469626
