2 0.355289 0.409417 0.042266 0.187083
2 0.256125 0.410271 0.082063 0.167625
2 0.211391 0.411594 0.040375 0.172854
2 0.909359 0.326177 0.051844 0.105521
2 0.239719 0.297469 0.019469 0.027479
2 0.155711 0.350885 0.024484 0.094937
2 0.110531 0.335833 0.020688 0.059542
2 0.172664 0.352146 0.017484 0.097042
2 0.207016 0.345125 0.027687 0.073042
2 0.094008 0.328375 0.017328 0.038500
2 0.286523 0.353271 0.028891 0.110167
2 0.373852 0.332646 0.014703 0.039625
2 0.389586 0.397271 0.026734 0.176500
2 0.200781 0.329167 0.279687 0.075000
