2 0.903039 0.927676 0.111453 0.144648
2 0.705227 0.978580 0.029266 0.042559
2 0.743703 0.982054 0.027844 0.035892
2 0.432680 0.981901 0.014391 0.035399
2 0.541664 0.982430 0.018797 0.035141
2 0.029891 0.978509 0.050062 0.042981
2 0.774891 0.975622 0.022344 0.048709
2 0.646328 0.981948 0.025688 0.034977
2 0.614531 0.983392 0.023688 0.030634
2 0.560414 0.980728 0.024828 0.038545
2 0.979031 0.987218 0.011938 0.024671
2 0.388820 0.981232 0.033672 0.037535
2 0.366711 0.986350 0.017141 0.027300
2 0.410938 0.982394 0.562500 0.030516
