2 0.625695 0.680828 0.116141 0.385500
2 0.392656 0.486937 0.027750 0.029687
2 0.929977 0.636008 0.090109 0.282359
2 0.895781 0.605312 0.045125 0.251594
2 0.184828 0.476680 0.057937 0.059109
2 0.292055 0.485914 0.032516 0.033016
2 0.433094 0.489055 0.028656 0.030172
2 0.483984 0.484828 0.029500 0.027250
2 0.596578 0.472031 0.039594 0.047688
2 0.638719 0.470375 0.032844 0.046437
2 0.313547 0.483461 0.026281 0.037703
2 0.553547 0.472836 0.019500 0.050797
2 0.843133 0.629352 0.063953 0.305922
2 0.910156 0.470313 0.123438 0.043750
