2 0.137844 0.497458 0.025219 0.121583
2 0.250180 0.472573 0.038203 0.122229
2 0.179367 0.579708 0.045141 0.063042
2 0.386008 0.498885 0.076922 0.122688
2 0.579320 0.520771 0.041141 0.131958
2 0.220781 0.851688 0.128094 0.274167
2 0.552266 0.303771 0.018438 0.083458
2 0.463891 0.500385 0.030562 0.130854
2 0.902648 0.818552 0.069797 0.138729
2 0.514734 0.503979 0.046312 0.160000
2 0.581562 0.297542 0.014844 0.080750
2 0.640461 0.251656 0.013953 0.065687
2 0.489813 0.327125 0.022062 0.078625
2 0.499219 0.498958 0.998437 0.997917
