2 0.280289 0.500070 0.114953 0.356457
2 0.171586 0.551364 0.061016 0.171445
2 0.949734 0.526970 0.097906 0.307879
2 0.737719 0.576795 0.074094 0.340396
2 0.818617 0.514219 0.046172 0.166434
2 0.862977 0.534790 0.022953 0.127110
2 0.433492 0.540420 0.068234 0.221538
2 0.598594 0.538765 0.016156 0.071888
2 0.405273 0.537133 0.034922 0.142145
2 0.515813 0.507541 0.044969 0.079091
2 0.366609 0.549685 0.030344 0.106876
2 0.649758 0.533019 0.025297 0.082541
2 0.084336 0.579942 0.065172 0.137925
2 0.341406 0.532634 0.292187 0.146853
