2 0.144668 0.816383 0.245186 0.124984
2 0.875957 0.875938 0.121915 0.079000
2 0.842354 0.553469 0.042793 0.049000
2 0.462035 0.575711 0.043218 0.050984
2 0.139641 0.421375 0.190931 0.073938
2 0.082327 0.163516 0.042846 0.042594
2 0.444282 0.150398 0.091064 0.072922
2 0.990133 0.530328 0.019734 0.049688
2 0.525891 0.863055 0.219761 0.132047
2 0.689069 0.402656 0.223830 0.123687
2 0.908285 0.550430 0.043112 0.062016
2 0.299840 0.878031 0.020691 0.040188
2 0.784535 0.871641 0.034814 0.038812
2 0.517287 0.488281 0.960106 0.829688
