2 0.139547 0.587802 0.040156 0.139896
2 0.066938 0.579385 0.031875 0.130062
2 0.210852 0.469271 0.025391 0.046792
2 0.537625 0.414365 0.026188 0.111979
2 0.505094 0.418052 0.030500 0.111646
2 0.260289 0.486938 0.036953 0.077667
2 0.226914 0.492417 0.027109 0.073000
2 0.115164 0.583125 0.033141 0.138167
2 0.642781 0.407948 0.027469 0.108854
2 0.629086 0.678135 0.110453 0.139562
2 0.110273 0.467531 0.024516 0.092521
2 0.642703 0.444823 0.009187 0.020646
2 0.357844 0.461406 0.015531 0.040271
2 0.346875 0.407292 0.643750 0.231250
