2 0.681508 0.525084 0.005359 0.007815
2 0.530102 0.939674 0.028359 0.120651
2 0.594344 0.940210 0.039250 0.114160
2 0.230102 0.631775 0.009984 0.048382
2 0.814609 0.621292 0.018250 0.054013
2 0.806984 0.534338 0.007938 0.021071
2 0.047578 0.651712 0.015219 0.048845
2 0.339281 0.706744 0.026750 0.096639
2 0.302109 0.659979 0.016031 0.047017
2 0.560891 0.619233 0.018719 0.054853
2 0.733305 0.517899 0.008578 0.026092
2 0.865148 0.505536 0.013516 0.013382
2 0.417594 0.836744 0.028313 0.115714
2 0.500781 0.713235 0.995313 0.569328
