2 0.165148 0.485366 0.065984 0.238750
2 0.448117 0.471910 0.068484 0.265189
2 0.490195 0.430613 0.044078 0.140943
2 0.847109 0.474151 0.050625 0.211226
2 0.773688 0.445271 0.040188 0.174127
2 0.916750 0.446238 0.059906 0.235118
2 0.316438 0.488231 0.037406 0.280000
2 0.485445 0.298432 0.041984 0.053561
2 0.373750 0.467087 0.059062 0.176156
2 0.210734 0.388679 0.043531 0.223208
2 0.160984 0.733054 0.052375 0.146392
2 0.106125 0.694292 0.041750 0.091179
2 0.309328 0.163691 0.035469 0.060401
2 0.499219 0.498821 0.998437 0.997642
