2 0.530062 0.548806 0.115062 0.254426
2 0.462070 0.724098 0.028547 0.058548
2 0.340008 0.149063 0.009578 0.036019
2 0.151297 0.459742 0.023375 0.072412
2 0.150836 0.194742 0.015234 0.033326
2 0.773438 0.087658 0.011531 0.061733
2 0.098891 0.212424 0.044312 0.042553
2 0.070430 0.203009 0.012828 0.029297
2 0.406250 0.720808 0.032594 0.048829
2 0.356555 0.385749 0.017922 0.042974
2 0.330570 0.140211 0.015828 0.062763
2 0.238633 0.164438 0.014766 0.026956
2 0.863852 0.171593 0.009641 0.032084
2 0.457031 0.374707 0.698438 0.608899
