2 0.299195 0.253906 0.193859 0.341188
2 0.760875 0.107021 0.125438 0.160417
2 0.475609 0.162448 0.162031 0.323479
2 0.148805 0.174073 0.139766 0.346854
2 0.062602 0.362312 0.125203 0.322750
2 0.931813 0.777177 0.136375 0.420854
2 0.952555 0.363354 0.094891 0.136083
2 0.652055 0.108281 0.055266 0.158271
2 0.702008 0.075438 0.054891 0.074333
2 0.957375 0.142833 0.085250 0.191833
2 0.374672 0.099073 0.076250 0.198146
2 0.193047 0.066646 0.090375 0.132750
2 0.292336 0.059656 0.064203 0.075188
2 0.499219 0.303125 0.998437 0.606250
