2 0.146047 0.845542 0.108094 0.308917
2 0.265500 0.798944 0.047594 0.259944
2 0.871633 0.787639 0.256734 0.424722
2 0.539836 0.882056 0.067547 0.203722
2 0.730984 0.818514 0.139625 0.362972
2 0.588516 0.873806 0.227094 0.252389
2 0.017633 0.860583 0.033266 0.278833
2 0.092344 0.858319 0.062781 0.283361
2 0.515078 0.827569 0.075687 0.204472
2 0.033141 0.763181 0.040188 0.149528
2 0.016734 0.760194 0.032937 0.173389
2 0.065187 0.785944 0.027469 0.092278
2 0.235359 0.858333 0.060656 0.283333
2 0.500000 0.809722 0.996875 0.341667
