2 0.523133 0.422576 0.017328 0.088571
2 0.538117 0.427272 0.022734 0.107752
2 0.485852 0.418700 0.013859 0.088220
2 0.326313 0.462237 0.030687 0.091124
2 0.190359 0.370585 0.016844 0.081358
2 0.204078 0.368185 0.013062 0.060445
2 0.199422 0.334344 0.009781 0.041522
2 0.176156 0.364953 0.015063 0.080913
2 0.610961 0.247190 0.019484 0.071897
2 0.161430 0.374696 0.014641 0.065035
2 0.157078 0.367084 0.020125 0.081101
2 0.135008 0.369415 0.014422 0.072787
2 0.119211 0.387600 0.021984 0.040632
2 0.442969 0.382904 0.742188 0.559719
