2 0.206172 0.538376 0.316375 0.896846
2 0.505953 0.331203 0.067875 0.339463
2 0.753750 0.132185 0.040375 0.057547
2 0.087992 0.214895 0.035516 0.085631
2 0.129062 0.213318 0.036156 0.077477
2 0.462117 0.231086 0.058609 0.166285
2 0.172727 0.209416 0.042578 0.084252
2 0.027922 0.205350 0.050938 0.052056
2 0.654078 0.160549 0.036875 0.086098
2 0.340594 0.193937 0.047906 0.060818
2 0.659172 0.258213 0.038187 0.146706
2 0.298086 0.082535 0.027891 0.049743
2 0.975445 0.243271 0.030609 0.161262
2 0.500000 0.151869 0.996875 0.303738
