2 0.532727 0.743439 0.132422 0.386532
2 0.936070 0.639321 0.103266 0.519104
2 0.267938 0.743945 0.117625 0.345058
2 0.172719 0.740202 0.126406 0.352775
2 0.089500 0.564176 0.101063 0.342341
2 0.185734 0.488699 0.083031 0.239480
2 0.269383 0.513049 0.087328 0.246850
2 0.357539 0.528512 0.078797 0.281185
2 0.425039 0.758107 0.129016 0.334538
2 0.087484 0.774393 0.109813 0.315780
2 0.666312 0.753642 0.120844 0.376994
2 0.537328 0.526821 0.093000 0.326821
2 0.359711 0.769523 0.102766 0.315116
2 0.510156 0.488439 0.920312 0.878613
