2 0.406426 0.259180 0.119745 0.179480
2 0.670734 0.539620 0.106404 0.338160
2 0.928170 0.240300 0.080043 0.086520
2 0.112596 0.450840 0.052426 0.177560
2 0.222723 0.407630 0.032255 0.104660
2 0.784926 0.486400 0.100149 0.256480
2 0.726926 0.382730 0.029511 0.045820
2 0.075309 0.449510 0.039043 0.138420
2 0.357681 0.481720 0.079872 0.240280
2 0.963255 0.456900 0.057234 0.172160
2 0.167021 0.447060 0.063872 0.128160
2 0.028447 0.379740 0.029362 0.041760
2 0.210947 0.440550 0.054447 0.129140
2 0.498936 0.538000 0.997872 0.428000
