2 0.680898 0.760672 0.188766 0.420219
2 0.195500 0.687375 0.084781 0.265906
2 0.367117 0.738109 0.112266 0.304438
2 0.843305 0.671891 0.061359 0.192188
2 0.582633 0.773133 0.059672 0.220953
2 0.903312 0.675773 0.067219 0.182859
2 0.959320 0.667914 0.043953 0.155328
2 0.226617 0.698008 0.046641 0.195797
2 0.379344 0.635914 0.065656 0.137578
2 0.452906 0.745195 0.105125 0.302672
2 0.498359 0.655180 0.048469 0.152922
2 0.559508 0.658414 0.074047 0.160328
2 0.610992 0.625859 0.042109 0.095031
2 0.790625 0.650000 0.321875 0.168750
