2 0.147570 0.760957 0.132260 0.478086
2 0.419380 0.687269 0.090280 0.512377
2 0.314550 0.542346 0.054740 0.289815
2 0.552240 0.583920 0.096600 0.297778
2 0.851380 0.467145 0.073160 0.239907
2 0.751580 0.477269 0.088240 0.231019
2 0.768550 0.416204 0.041860 0.120926
2 0.379920 0.466636 0.047240 0.155494
2 0.251640 0.485540 0.042960 0.066944
2 0.122960 0.432068 0.043480 0.117593
2 0.720080 0.579784 0.123760 0.400000
2 0.548980 0.775725 0.276680 0.420216
2 0.506670 0.385216 0.035100 0.087469
2 0.526000 0.382716 0.768000 0.456790
