2 0.839875 0.533061 0.061094 0.213178
2 0.360773 0.464942 0.037109 0.086145
2 0.329688 0.469603 0.040625 0.114206
2 0.964055 0.517582 0.071891 0.218388
2 0.383336 0.474077 0.010453 0.042547
2 0.036633 0.514311 0.073266 0.212687
2 0.759094 0.427780 0.023563 0.078411
2 0.541781 0.442886 0.019312 0.050117
2 0.587961 0.431343 0.025078 0.032687
2 0.434781 0.455093 0.023312 0.030374
2 0.670711 0.431051 0.036766 0.074159
2 0.896258 0.531273 0.051766 0.229509
2 0.573305 0.455245 0.021328 0.023014
2 0.422656 0.441589 0.135937 0.088785
