2 0.456914 0.667885 0.176797 0.353104
2 0.973023 0.390302 0.053953 0.090021
2 0.739047 0.712354 0.143250 0.301125
2 0.797344 0.549250 0.066312 0.122708
2 0.838906 0.522865 0.059375 0.164271
2 0.873508 0.452615 0.046141 0.075771
2 0.840719 0.406812 0.041531 0.080500
2 0.814516 0.434958 0.028656 0.067417
2 0.766875 0.475646 0.060813 0.078292
2 0.723625 0.464104 0.077500 0.097625
2 0.642375 0.719615 0.118156 0.250771
2 0.037570 0.617437 0.072516 0.148750
2 0.088523 0.638833 0.057578 0.111708
2 0.499219 0.371875 0.998437 0.743750
