2 0.475594 0.565316 0.127719 0.560796
2 0.104688 0.198583 0.066062 0.135012
2 0.179797 0.210667 0.073719 0.100960
2 0.293203 0.182728 0.083781 0.145738
2 0.389859 0.171019 0.079687 0.138478
2 0.452133 0.160316 0.059328 0.153560
2 0.838383 0.149110 0.085578 0.109274
2 0.771180 0.138033 0.060234 0.134988
2 0.619141 0.153115 0.053500 0.141874
2 0.715914 0.142705 0.052484 0.137073
2 0.172797 0.103560 0.075000 0.190913
2 0.665727 0.153021 0.062703 0.133864
2 0.346445 0.129684 0.066672 0.192670
2 0.500000 0.261124 0.996875 0.522248
