2 0.874695 0.857865 0.100922 0.284271
2 0.556328 0.645948 0.056188 0.234396
2 0.590695 0.876646 0.060891 0.246708
2 0.496680 0.884854 0.081328 0.230292
2 0.375094 0.859729 0.077656 0.278292
2 0.508461 0.729938 0.060484 0.129042
2 0.616016 0.722479 0.045500 0.204500
2 0.277641 0.706135 0.064219 0.264479
2 0.770477 0.906240 0.091516 0.187521
2 0.223094 0.842583 0.084469 0.314833
2 0.307672 0.518000 0.056969 0.143708
2 0.656320 0.883740 0.084734 0.229729
2 0.368609 0.677750 0.059406 0.184083
2 0.506250 0.512500 0.915625 0.633333
