2 0.611672 0.561803 0.073219 0.347541
2 0.725961 0.562131 0.146203 0.338548
2 0.567250 0.480000 0.021094 0.145199
2 0.491773 0.593255 0.083953 0.305621
2 0.476516 0.454321 0.029531 0.084473
2 0.447023 0.508946 0.043172 0.221827
2 0.160805 0.478068 0.043922 0.129719
2 0.044977 0.488759 0.041984 0.105621
2 0.546563 0.498302 0.031438 0.181335
2 0.794125 0.505012 0.043375 0.256815
2 0.410875 0.457225 0.009375 0.041616
2 0.213680 0.535527 0.055359 0.218407
2 0.363742 0.469075 0.019266 0.070141
2 0.455469 0.451991 0.176563 0.103044
