2 0.412305 0.370951 0.059203 0.219507
2 0.485047 0.401678 0.076812 0.186737
2 0.668187 0.460352 0.050656 0.270188
2 0.707820 0.489214 0.053516 0.299977
2 0.767766 0.485775 0.092625 0.375164
2 0.211750 0.565704 0.135156 0.319953
2 0.843695 0.585176 0.167453 0.313122
2 0.910836 0.751268 0.177641 0.493709
2 0.543313 0.392711 0.037500 0.125423
2 0.378703 0.506690 0.145219 0.356808
2 0.967836 0.365399 0.064328 0.254131
2 0.307336 0.501960 0.055453 0.366502
2 0.595383 0.412300 0.089391 0.227840
2 0.495312 0.637324 0.990625 0.720657
