2 0.617153 0.498876 0.733354 0.966289
2 0.245135 0.207918 0.132588 0.146722
2 0.399441 0.114784 0.083602 0.131670
2 0.482226 0.106814 0.109752 0.118454
2 0.913882 0.449887 0.153437 0.334825
2 0.966346 0.190588 0.061429 0.122371
2 0.089099 0.187093 0.102340 0.128907
2 0.388799 0.190691 0.083230 0.065134
2 0.310124 0.296701 0.086998 0.125691
2 0.052308 0.321814 0.099027 0.109938
2 0.815973 0.309722 0.075466 0.115526
2 0.892795 0.205196 0.107578 0.107134
2 0.916035 0.174464 0.093561 0.151113
2 0.497930 0.214433 0.995859 0.428866
