2 0.255156 0.637225 0.055094 0.206393
2 0.245086 0.627693 0.098609 0.168080
2 0.769023 0.769309 0.143266 0.214731
2 0.467242 0.285141 0.040984 0.065082
2 0.931070 0.309789 0.041922 0.066042
2 0.629516 0.333888 0.026125 0.052131
2 0.434586 0.322670 0.021516 0.029742
2 0.296781 0.649953 0.069000 0.122623
2 0.594773 0.433993 0.022453 0.055808
2 0.151023 0.312518 0.039922 0.064895
2 0.221305 0.299918 0.037453 0.077869
2 0.660789 0.439461 0.030328 0.057237
2 0.658727 0.329696 0.029609 0.051616
2 0.499219 0.284543 0.998437 0.564403
