2 0.344914 0.541671 0.201828 0.768014
2 0.438992 0.433318 0.111984 0.536589
2 0.814492 0.369953 0.065984 0.230234
2 0.710828 0.431460 0.141250 0.530350
2 0.956266 0.361051 0.052219 0.172477
2 0.093922 0.392138 0.097688 0.262921
2 0.247766 0.290549 0.028625 0.096846
2 0.901898 0.363154 0.036453 0.203925
2 0.863289 0.400888 0.070922 0.232290
2 0.925164 0.371484 0.033609 0.135304
2 0.991086 0.384755 0.017828 0.142033
2 0.128195 0.274463 0.027297 0.080093
2 0.510031 0.403107 0.053781 0.218271
2 0.549219 0.293224 0.829688 0.142523
