2 0.201234 0.867521 0.050156 0.199250
2 0.763734 0.886156 0.139031 0.184646
2 0.692828 0.824156 0.058188 0.179229
2 0.740594 0.771771 0.031438 0.125125
2 0.827547 0.770979 0.030250 0.104875
2 0.873898 0.761292 0.026953 0.094125
2 0.913406 0.758208 0.022625 0.110667
2 0.962164 0.777646 0.055703 0.140917
2 0.788742 0.749302 0.027734 0.089021
2 0.763508 0.729115 0.016391 0.073312
2 0.808484 0.769552 0.025469 0.126479
2 0.663695 0.889885 0.062109 0.210354
2 0.065297 0.858281 0.054875 0.213271
2 0.517188 0.618750 0.696875 0.400000
