2 0.651445 0.619098 0.232391 0.676417
2 0.040609 0.314965 0.014656 0.051288
2 0.141250 0.460585 0.153281 0.545059
2 0.222695 0.292143 0.015172 0.058431
2 0.540867 0.468981 0.041328 0.179415
2 0.446367 0.605117 0.111828 0.551124
2 0.511852 0.396721 0.063797 0.383981
2 0.769883 0.372635 0.020641 0.092248
2 0.830172 0.445785 0.074219 0.243700
2 0.959055 0.431546 0.059453 0.244824
2 0.402562 0.471909 0.295375 0.817963
2 0.397203 0.469965 0.139719 0.661194
2 0.730961 0.338337 0.058078 0.183138
2 0.529687 0.337237 0.937500 0.641686
