2 0.676516 0.794625 0.042250 0.098625
2 0.473219 0.811552 0.036500 0.113562
2 0.510445 0.781885 0.018484 0.021188
2 0.358500 0.756010 0.012125 0.021437
2 0.166648 0.779281 0.034609 0.053354
2 0.007922 0.773490 0.015563 0.105896
2 0.945008 0.813677 0.039203 0.147771
2 0.394016 0.756417 0.024594 0.065583
2 0.815227 0.758635 0.016359 0.068146
2 0.774969 0.760573 0.027906 0.061354
2 0.039367 0.770094 0.032578 0.108229
2 0.850828 0.800458 0.044969 0.136583
2 0.370297 0.765365 0.012188 0.037896
2 0.432031 0.772917 0.751563 0.095833
