2 0.780281 0.739589 0.008937 0.024624
2 0.423617 0.744354 0.006922 0.022746
2 0.414227 0.743415 0.005141 0.018521
2 0.399047 0.744002 0.007469 0.021620
2 0.364625 0.745141 0.003969 0.022441
2 0.358586 0.746866 0.004172 0.016596
2 0.302648 0.749742 0.005891 0.022160
2 0.245148 0.755528 0.006172 0.020258
2 0.305734 0.714225 0.005125 0.016573
2 0.300875 0.714354 0.004625 0.016502
2 0.383867 0.721678 0.004391 0.008850
2 0.408414 0.740246 0.005266 0.024859
2 0.446594 0.741092 0.006438 0.017958
2 0.555469 0.717136 0.829688 0.091549
