2 0.606296 0.691008 0.391678 0.510109
2 0.315523 0.429453 0.053704 0.046531
2 0.229989 0.443641 0.046166 0.031000
2 0.230218 0.433812 0.039390 0.036281
2 0.192037 0.445562 0.038845 0.029719
2 0.563900 0.420281 0.059956 0.043844
2 0.939771 0.358281 0.044989 0.036781
2 0.781285 0.603992 0.068279 0.127328
2 0.267930 0.439156 0.048758 0.028844
2 0.827603 0.397281 0.066013 0.061375
2 0.768725 0.403992 0.052789 0.046703
2 0.849793 0.584930 0.087081 0.091766
2 0.704739 0.407305 0.080065 0.057672
2 0.498911 0.585156 0.997821 0.557813
