2 0.043930 0.910492 0.028859 0.136159
2 0.134539 0.821112 0.018016 0.069859
2 0.177867 0.826089 0.026328 0.102857
2 0.283578 0.755281 0.015156 0.088829
2 0.339000 0.691030 0.018719 0.035972
2 0.368922 0.708841 0.019437 0.069859
2 0.283703 0.614110 0.010187 0.051030
2 0.481273 0.652037 0.011078 0.057705
2 0.128023 0.652553 0.019016 0.051663
2 0.675539 0.548817 0.009484 0.047752
2 0.225297 0.788911 0.022094 0.094309
2 0.192500 0.766311 0.015313 0.088735
2 0.110906 0.892529 0.035844 0.128431
2 0.478906 0.703747 0.848437 0.480094
