2 0.515008 0.610117 0.448297 0.779766
2 0.934672 0.557635 0.055969 0.157471
2 0.169711 0.270585 0.043172 0.072319
2 0.339156 0.280328 0.060937 0.112927
2 0.837383 0.585023 0.079016 0.107471
2 0.284336 0.344169 0.064359 0.130726
2 0.617867 0.266979 0.058078 0.097237
2 0.553430 0.140785 0.065141 0.154122
2 0.378633 0.606745 0.080797 0.078642
2 0.095703 0.390047 0.054438 0.097892
2 0.229672 0.432295 0.059437 0.165340
2 0.038266 0.462237 0.059094 0.135246
2 0.813633 0.518267 0.064328 0.098361
2 0.500000 0.348946 0.996875 0.697892
