2 0.343375 0.706738 0.122250 0.510117
2 0.456297 0.706982 0.109250 0.511270
2 0.793469 0.621748 0.120687 0.506777
2 0.881945 0.578203 0.130922 0.484102
2 0.692133 0.635586 0.089891 0.476406
2 0.171812 0.537129 0.085906 0.429531
2 0.715703 0.394453 0.114125 0.197227
2 0.515211 0.584092 0.108016 0.448223
2 0.151063 0.324268 0.059250 0.173848
2 0.402617 0.463154 0.110391 0.208105
2 0.455797 0.380820 0.067656 0.158555
2 0.609906 0.567832 0.104438 0.482617
2 0.725781 0.236973 0.050281 0.092539
2 0.510156 0.552734 0.770312 0.859375
