2 0.808516 0.061799 0.036062 0.078645
2 0.764383 0.059287 0.018578 0.054089
2 0.060437 0.073026 0.024500 0.079603
2 0.102570 0.051717 0.019891 0.047360
2 0.029305 0.265175 0.058609 0.157313
2 0.934617 0.064171 0.025359 0.107921
2 0.011469 0.077664 0.022937 0.088178
2 0.085992 0.060047 0.018734 0.056495
2 0.613273 0.055210 0.021859 0.049019
2 0.029367 0.077208 0.031578 0.087173
2 0.777547 0.057009 0.010406 0.052710
2 0.889086 0.062138 0.011484 0.045023
2 0.556555 0.059451 0.054359 0.085958
2 0.517969 0.149533 0.960938 0.294393
