2 0.459805 0.311433 0.089328 0.144989
2 0.529156 0.892483 0.062969 0.102754
2 0.620469 0.878217 0.046062 0.128081
2 0.669422 0.891208 0.055125 0.100790
2 0.709008 0.903916 0.058516 0.082415
2 0.711414 0.883375 0.067984 0.094199
2 0.366172 0.921163 0.035500 0.043454
2 0.873625 0.883014 0.067750 0.120068
2 0.931148 0.875937 0.060578 0.133499
2 0.760469 0.909537 0.043250 0.061287
2 0.791977 0.898375 0.046797 0.096433
2 0.289734 0.897122 0.062344 0.095011
2 0.480031 0.917381 0.050344 0.054537
2 0.340625 0.887133 0.634375 0.144470
