2 0.478727 0.565635 0.086141 0.451229
2 0.214719 0.513073 0.074563 0.310063
2 0.040453 0.668531 0.080906 0.582021
2 0.366758 0.505563 0.057297 0.200542
2 0.973547 0.388906 0.052906 0.111646
2 0.922406 0.391406 0.060719 0.141812
2 0.703547 0.389635 0.072625 0.137396
2 0.918000 0.261729 0.071906 0.201500
2 0.977141 0.251396 0.045719 0.218625
2 0.853609 0.248750 0.073750 0.209917
2 0.759062 0.390937 0.058531 0.127000
2 0.361516 0.293260 0.052250 0.105604
2 0.863625 0.392042 0.052125 0.128792
2 0.499219 0.227083 0.998437 0.454167
