2 0.585805 0.783148 0.399902 0.411234
2 0.494183 0.468672 0.280024 0.458125
2 0.164366 0.524531 0.274341 0.700500
2 0.323268 0.262516 0.228683 0.402969
2 0.866427 0.741570 0.259585 0.507859
2 0.748927 0.549438 0.270098 0.564031
2 0.943037 0.379266 0.113927 0.254094
2 0.544634 0.325953 0.282488 0.243781
2 0.818329 0.171180 0.132854 0.154547
2 0.755927 0.266297 0.228000 0.276406
2 0.893805 0.216609 0.109707 0.212750
2 0.972988 0.177922 0.054024 0.119438
2 0.929012 0.226383 0.115537 0.152953
2 0.498780 0.207031 0.997561 0.389062
