2 0.056992 0.423380 0.112172 0.151080
2 0.021430 0.311608 0.042859 0.195282
2 0.702719 0.306608 0.069375 0.069742
2 0.505461 0.409800 0.124109 0.120305
2 0.881797 0.261526 0.030500 0.162629
2 0.378875 0.440739 0.134031 0.180634
2 0.838875 0.223228 0.006906 0.022136
2 0.366672 0.258533 0.027844 0.052277
2 0.918117 0.268075 0.025391 0.167277
2 0.338445 0.318791 0.045391 0.070962
2 0.284016 0.204812 0.016625 0.056385
2 0.492016 0.220223 0.015125 0.063310
2 0.316383 0.259331 0.020953 0.044296
2 0.596094 0.228873 0.695312 0.208920
