2 0.762518 0.522453 0.106776 0.155000
2 0.946612 0.449969 0.051341 0.101594
2 0.633871 0.446586 0.083929 0.103266
2 0.792471 0.414172 0.042494 0.076594
2 0.663612 0.382445 0.019976 0.029016
2 0.051047 0.411188 0.045529 0.067125
2 0.091765 0.390062 0.031200 0.053156
2 0.140482 0.382406 0.036541 0.047688
2 0.174035 0.393969 0.039835 0.052281
2 0.122894 0.416141 0.053365 0.060406
2 0.750859 0.392469 0.037529 0.038687
2 0.918988 0.411445 0.046965 0.078297
2 0.732882 0.423336 0.048118 0.066828
2 0.520000 0.412500 0.955294 0.137500
