2 0.190086 0.558560 0.256953 0.862600
2 0.069703 0.239543 0.050469 0.165129
2 0.579484 0.409450 0.155313 0.564848
2 0.539867 0.607026 0.115453 0.603747
2 0.755648 0.569660 0.146922 0.667424
2 0.896758 0.564789 0.197391 0.870422
2 0.896195 0.216405 0.200141 0.432810
2 0.056063 0.541499 0.112125 0.676581
2 0.394453 0.467342 0.163781 0.761241
2 0.607570 0.179157 0.042203 0.124403
2 0.300195 0.276557 0.045359 0.193255
2 0.455641 0.225562 0.035500 0.145972
2 0.502273 0.223033 0.072234 0.205222
2 0.546094 0.244731 0.904687 0.283372
