2 0.148398 0.640443 0.244297 0.220226
2 0.110031 0.488765 0.216031 0.487652
2 0.631227 0.226609 0.182672 0.198365
2 0.689625 0.189635 0.153188 0.277252
2 0.131586 0.159243 0.170109 0.289930
2 0.045430 0.097409 0.090859 0.190748
2 0.093023 0.061948 0.107516 0.123896
2 0.369273 0.088791 0.114391 0.156435
2 0.548563 0.128130 0.138969 0.256261
2 0.820063 0.071696 0.070531 0.141757
2 0.950969 0.092635 0.096062 0.168539
2 0.806805 0.225235 0.167953 0.216000
2 0.361703 0.525183 0.667406 0.911687
2 0.579688 0.181739 0.837500 0.363478
