2 0.709190 0.523592 0.275980 0.629202
2 0.369090 0.633761 0.235300 0.498866
2 0.186200 0.565105 0.258720 0.655504
2 0.271650 0.074727 0.049980 0.095756
2 0.930080 0.355063 0.086640 0.332563
2 0.198420 0.083151 0.041720 0.085378
2 0.434950 0.405441 0.080820 0.298361
2 0.314560 0.079727 0.039640 0.090546
2 0.344670 0.091975 0.045580 0.057143
2 0.426910 0.076744 0.030380 0.078697
2 0.378580 0.296933 0.069040 0.132101
2 0.099310 0.082626 0.049660 0.099622
2 0.381940 0.078025 0.056520 0.085126
2 0.493000 0.308824 0.986000 0.617647
