2 0.503240 0.778653 0.049680 0.188720
2 0.535240 0.754467 0.026400 0.128720
2 0.737330 0.759027 0.024740 0.112560
2 0.829570 0.775960 0.021940 0.065413
2 0.853270 0.767427 0.026740 0.086053
2 0.367820 0.770907 0.022600 0.065173
2 0.424650 0.768867 0.017900 0.062587
2 0.109880 0.765867 0.028040 0.084853
2 0.043300 0.773573 0.046720 0.108747
2 0.262300 0.765120 0.037760 0.084960
2 0.787200 0.818280 0.046400 0.123707
2 0.080880 0.776133 0.022640 0.059733
2 0.296130 0.759413 0.041940 0.105173
2 0.487000 0.629333 0.974000 0.416000
