2 0.339609 0.367417 0.180344 0.289875
2 0.775281 0.499313 0.276406 0.447208
2 0.706633 0.300417 0.149703 0.204833
2 0.627117 0.193458 0.159016 0.217833
2 0.881930 0.256625 0.084703 0.225875
2 0.241852 0.587646 0.389328 0.573042
2 0.361883 0.151990 0.133359 0.303104
2 0.100695 0.200146 0.087859 0.296292
2 0.671508 0.255646 0.084953 0.198417
2 0.774070 0.724688 0.451859 0.550625
2 0.927047 0.313333 0.145906 0.347042
2 0.171055 0.121740 0.071828 0.181021
2 0.135664 0.134292 0.087422 0.218042
2 0.499219 0.471875 0.998437 0.864583
