2 0.607602 0.832623 0.131984 0.331522
2 0.502266 0.829215 0.083969 0.319087
2 0.361211 0.840504 0.091016 0.317869
2 0.982625 0.740820 0.033156 0.142623
2 0.876102 0.754496 0.026859 0.045808
2 0.232133 0.923173 0.117203 0.153653
2 0.219594 0.773548 0.030625 0.163817
2 0.421867 0.830785 0.053484 0.338431
2 0.322930 0.845632 0.063484 0.308735
2 0.253633 0.817213 0.090703 0.292412
2 0.161812 0.838290 0.081687 0.323419
2 0.061219 0.874578 0.111344 0.250843
2 0.686594 0.823618 0.052938 0.251358
2 0.500000 0.813817 0.996875 0.367681
