2 0.885961 0.183145 0.072453 0.141557
2 0.548953 0.588081 0.277781 0.647548
2 0.817133 0.292900 0.090922 0.306141
2 0.631945 0.242910 0.200984 0.440320
2 0.426984 0.271514 0.122562 0.228870
2 0.387875 0.186578 0.143531 0.340576
2 0.192328 0.301535 0.140688 0.316162
2 0.718820 0.611237 0.284891 0.651684
2 0.359273 0.581141 0.303609 0.752047
2 0.865922 0.349584 0.202094 0.240192
2 0.120203 0.143635 0.105937 0.251919
2 0.219633 0.150309 0.108172 0.250000
2 0.039891 0.306066 0.051969 0.246375
2 0.562500 0.383795 0.871875 0.767591
