2 0.312781 0.536687 0.073219 0.226500
2 0.450609 0.528367 0.031000 0.091609
2 0.543875 0.459406 0.058813 0.073188
2 0.624531 0.460133 0.037062 0.084797
2 0.229211 0.549438 0.107859 0.253938
2 0.136781 0.555641 0.078250 0.242594
2 0.077945 0.577891 0.068734 0.227219
2 0.491195 0.499922 0.034203 0.050344
2 0.815156 0.439086 0.058844 0.083609
2 0.346031 0.535883 0.040625 0.205422
2 0.406742 0.527086 0.092734 0.255828
2 0.828242 0.437594 0.038078 0.059688
2 0.544266 0.517313 0.072906 0.090563
2 0.716406 0.480469 0.526563 0.198437
