2 0.213914 0.418260 0.128766 0.402687
2 0.725734 0.503337 0.172500 0.456718
2 0.798227 0.568161 0.276016 0.403987
2 0.056227 0.303381 0.112453 0.222709
2 0.063281 0.473062 0.027469 0.154229
2 0.021289 0.507500 0.042578 0.469493
2 0.473391 0.496046 0.031187 0.103326
2 0.573242 0.493106 0.026328 0.072335
2 0.422937 0.502181 0.042281 0.101322
2 0.532570 0.498205 0.017172 0.098128
2 0.099156 0.514934 0.040156 0.074626
2 0.502336 0.524207 0.058797 0.046079
2 0.971680 0.506806 0.055016 0.087709
2 0.516406 0.471366 0.964063 0.162996
