2 0.142564 0.926039 0.078759 0.147922
2 0.787283 0.975250 0.088337 0.049500
2 0.799180 0.774000 0.034754 0.053000
2 0.670831 0.690664 0.016604 0.040578
2 0.660855 0.690266 0.014918 0.040344
2 0.414766 0.709359 0.024473 0.026375
2 0.628607 0.689977 0.022927 0.039922
2 0.480691 0.680766 0.023630 0.047688
2 0.264028 0.735758 0.035363 0.049984
2 0.974485 0.721313 0.017400 0.014844
2 0.314953 0.707383 0.016792 0.021391
2 0.143185 0.708359 0.025808 0.048000
2 0.201792 0.715047 0.021007 0.022562
2 0.435597 0.736719 0.805621 0.089063
