2 0.434984 0.510515 0.058625 0.205902
2 0.219422 0.414602 0.030062 0.098525
2 0.973289 0.044532 0.018516 0.025176
2 0.742836 0.032037 0.017797 0.035410
2 0.706328 0.059133 0.027344 0.077845
2 0.685164 0.060234 0.017484 0.077518
2 0.309734 0.044637 0.019344 0.031148
2 0.585094 0.065422 0.022469 0.065831
2 0.291102 0.043759 0.018703 0.028923
2 0.728570 0.057295 0.027672 0.081850
2 0.238641 0.077974 0.013969 0.066956
2 0.493602 0.059883 0.014766 0.069180
2 0.187883 0.077576 0.020578 0.079696
2 0.450000 0.059719 0.184375 0.100703
