2 0.279266 0.304520 0.244281 0.342389
2 0.436352 0.289508 0.049641 0.309274
2 0.394930 0.265386 0.076297 0.254754
2 0.363383 0.180902 0.061984 0.135574
2 0.291258 0.236452 0.054672 0.216183
2 0.129531 0.233712 0.081781 0.178899
2 0.934242 0.261733 0.077266 0.392881
2 0.524438 0.281101 0.056375 0.252037
2 0.580016 0.281651 0.050469 0.319602
2 0.554375 0.276733 0.042344 0.243536
2 0.698672 0.273033 0.038969 0.217963
2 0.483820 0.282049 0.051203 0.203677
2 0.393109 0.158443 0.021531 0.067939
2 0.500000 0.270492 0.993750 0.367681
