2 0.311891 0.531639 0.055125 0.229742
2 0.095633 0.866511 0.182234 0.223466
2 0.073656 0.489052 0.038125 0.165597
2 0.537836 0.459098 0.023484 0.082974
2 0.832500 0.544356 0.044125 0.075831
2 0.963727 0.573689 0.045609 0.137354
2 0.927531 0.538384 0.031000 0.156815
2 0.343648 0.461276 0.014797 0.037400
2 0.594977 0.900527 0.180547 0.194965
2 0.723430 0.942213 0.061922 0.115574
2 0.743164 0.488021 0.017297 0.023770
2 0.298078 0.935234 0.085594 0.129532
2 0.246516 0.405925 0.026125 0.095550
2 0.575781 0.607728 0.817187 0.747073
