2 0.696773 0.630515 0.086047 0.269836
2 0.904156 0.536089 0.035969 0.173349
2 0.498094 0.479297 0.029250 0.042529
2 0.309852 0.566534 0.048859 0.117190
2 0.420117 0.512131 0.027453 0.046464
2 0.368109 0.472834 0.031281 0.064731
2 0.187586 0.522986 0.029266 0.046393
2 0.810250 0.928290 0.140562 0.143419
2 0.029172 0.921827 0.058344 0.155878
2 0.442195 0.513220 0.018391 0.047939
2 0.269125 0.196639 0.022500 0.051686
2 0.930500 0.595070 0.052531 0.143255
2 0.823125 0.264766 0.032281 0.049251
2 0.499219 0.309133 0.998437 0.618267
