2 0.343977 0.784469 0.116359 0.427229
2 0.171469 0.773844 0.117219 0.452313
2 0.670148 0.682031 0.049922 0.198021
2 0.506102 0.617885 0.026766 0.071604
2 0.533352 0.609354 0.022328 0.074167
2 0.621148 0.631719 0.030391 0.095312
2 0.620695 0.877615 0.109391 0.244771
2 0.517414 0.852115 0.117984 0.249438
2 0.926797 0.601562 0.021125 0.035583
2 0.209336 0.609542 0.034641 0.079542
2 0.407867 0.643385 0.094391 0.222479
2 0.073766 0.602885 0.027625 0.078729
2 0.050328 0.597104 0.029156 0.051458
2 0.499219 0.693750 0.998437 0.279167
