2 0.323984 0.540625 0.290594 0.500667
2 0.202625 0.364573 0.096094 0.104313
2 0.748313 0.289417 0.097969 0.171167
2 0.485250 0.330969 0.083781 0.138479
2 0.573188 0.310865 0.103438 0.156521
2 0.642469 0.270885 0.088938 0.122396
2 0.132602 0.061937 0.065891 0.085583
2 0.051164 0.323021 0.096391 0.261667
2 0.491352 0.033552 0.051703 0.065021
2 0.308430 0.044385 0.084266 0.083146
2 0.417039 0.337448 0.070641 0.186104
2 0.877492 0.284979 0.131047 0.149250
2 0.085555 0.058240 0.035078 0.085479
2 0.501563 0.176042 0.993750 0.352083
