2 0.724984 0.691571 0.066344 0.318097
2 0.831797 0.744535 0.048781 0.212434
2 0.437516 0.462168 0.033500 0.138850
2 0.168336 0.538385 0.040828 0.194115
2 0.633922 0.480111 0.024969 0.111372
2 0.374391 0.181239 0.005812 0.022920
2 0.819977 0.495354 0.016984 0.162832
2 0.677570 0.461283 0.015234 0.072124
2 0.117531 0.382677 0.020500 0.088274
2 0.078000 0.076571 0.004906 0.018628
2 0.019039 0.309823 0.008797 0.064159
2 0.122727 0.228164 0.009016 0.029690
2 0.871977 0.732854 0.080391 0.277655
2 0.500000 0.283186 0.996875 0.566372
