2 0.550773 0.752896 0.159547 0.254000
2 0.721594 0.705688 0.089906 0.246792
2 0.919867 0.795958 0.107109 0.408083
2 0.125352 0.574167 0.035703 0.115875
2 0.030930 0.603448 0.053047 0.112979
2 0.387789 0.418812 0.017422 0.042625
2 0.430422 0.535083 0.018750 0.067458
2 0.521664 0.431281 0.014734 0.036813
2 0.863430 0.426750 0.016609 0.048958
2 0.675078 0.420646 0.016375 0.038542
2 0.426188 0.416667 0.013000 0.028417
2 0.788664 0.471292 0.013359 0.040083
2 0.767766 0.466115 0.016188 0.019521
2 0.496875 0.372917 0.990625 0.270833
