2 0.601922 0.381130 0.012375 0.048033
2 0.617641 0.906056 0.110781 0.159561
2 0.076922 0.921255 0.153844 0.157490
2 0.638531 0.225513 0.008594 0.015544
2 0.622539 0.303766 0.009328 0.022343
2 0.476891 0.248860 0.012031 0.030900
2 0.442289 0.240837 0.008422 0.015649
2 0.431172 0.223431 0.010375 0.021632
2 0.635289 0.537176 0.080016 0.179247
2 0.208430 0.943525 0.086859 0.087218
2 0.275477 0.385262 0.010516 0.047636
2 0.062461 0.417897 0.033797 0.044916
2 0.421859 0.955941 0.161594 0.088117
2 0.500000 0.337866 0.996875 0.307531
