2 0.414734 0.657658 0.159281 0.621639
2 0.083023 0.624696 0.157078 0.719742
2 0.197742 0.612073 0.088047 0.119696
2 0.221633 0.588150 0.068672 0.161874
2 0.220008 0.517014 0.040891 0.094965
2 0.846336 0.591452 0.307328 0.784262
2 0.229500 0.383583 0.033469 0.103326
2 0.708984 0.508255 0.050750 0.156604
2 0.612703 0.446522 0.282094 0.664426
2 0.675883 0.531136 0.079516 0.147986
2 0.211430 0.478489 0.081328 0.165972
2 0.275734 0.587834 0.070625 0.177916
2 0.152477 0.458384 0.049172 0.138314
2 0.500000 0.358314 0.996875 0.665105
