2 0.685961 0.389650 0.628078 0.736916
2 0.082656 0.716857 0.162312 0.467407
2 0.038922 0.431075 0.052625 0.128364
2 0.301312 0.852804 0.299063 0.294393
2 0.136914 0.725841 0.122547 0.359159
2 0.237125 0.597792 0.074781 0.194650
2 0.322992 0.768049 0.101141 0.298014
2 0.329719 0.647301 0.087313 0.289977
2 0.452359 0.862068 0.117594 0.275864
2 0.536344 0.887558 0.120000 0.224883
2 0.642453 0.888762 0.118719 0.200000
2 0.220906 0.549439 0.033063 0.065187
2 0.386672 0.816589 0.047875 0.121589
2 0.528906 0.681075 0.898438 0.605140
