2 0.808875 0.899625 0.076469 0.177518
2 0.500375 0.902377 0.048625 0.195246
2 0.556148 0.806101 0.066484 0.108033
2 0.280750 0.530433 0.035313 0.110749
2 0.929562 0.885386 0.062969 0.085386
2 0.150812 0.550375 0.044438 0.120937
2 0.272875 0.839321 0.065969 0.298876
2 0.978273 0.900000 0.043453 0.177518
2 0.539516 0.516920 0.048031 0.118806
2 0.046477 0.756183 0.074953 0.235972
2 0.455539 0.894391 0.058141 0.211218
2 0.060406 0.930363 0.120812 0.139274
2 0.402461 0.526838 0.051359 0.132740
2 0.346094 0.622951 0.517188 0.491803
