2 0.240359 0.524577 0.175344 0.319957
2 0.932852 0.518438 0.047516 0.147028
2 0.818367 0.453764 0.007547 0.020152
2 0.733187 0.495672 0.039188 0.057375
2 0.619742 0.488829 0.027422 0.078091
2 0.581555 0.480206 0.022078 0.089046
2 0.541016 0.464208 0.025906 0.037007
2 0.895055 0.489675 0.033859 0.084252
2 0.860453 0.495521 0.030156 0.108785
2 0.495531 0.452646 0.024219 0.039610
2 0.790297 0.484610 0.056937 0.095640
2 0.141359 0.425586 0.017781 0.069826
2 0.068922 0.403915 0.018250 0.035944
2 0.500781 0.498915 0.989062 0.264642
