2 0.449352 0.379289 0.063297 0.196983
2 0.927984 0.364227 0.144031 0.312943
2 0.693438 0.520224 0.153469 0.604489
2 0.307617 0.415524 0.121484 0.355835
2 0.353852 0.369800 0.048516 0.251671
2 0.529609 0.373978 0.074281 0.168853
2 0.473031 0.279451 0.049344 0.139701
2 0.503391 0.268317 0.039906 0.162519
2 0.788148 0.249539 0.032453 0.078778
2 0.443523 0.250561 0.033797 0.105611
2 0.875062 0.239227 0.026281 0.069077
2 0.808359 0.254464 0.028781 0.108678
2 0.182258 0.449102 0.202641 0.452918
2 0.467969 0.342893 0.935937 0.416459
