2 0.256477 0.907385 0.203734 0.077854
2 0.724438 0.733698 0.137625 0.091438
2 0.361367 0.747854 0.050922 0.133250
2 0.486609 0.658604 0.025438 0.114875
2 0.511445 0.655417 0.024609 0.096625
2 0.983516 0.612250 0.032969 0.044417
2 0.565937 0.677385 0.057625 0.027687
2 0.786711 0.636354 0.053234 0.017042
2 0.023305 0.950625 0.045766 0.098750
2 0.012484 0.787052 0.024188 0.113562
2 0.187336 0.696635 0.016234 0.039562
2 0.397320 0.722510 0.032703 0.031646
2 0.216602 0.666250 0.012453 0.042333
2 0.525781 0.666667 0.839063 0.225000
