2 0.129617 0.614076 0.087016 0.528464
2 0.296922 0.540495 0.013156 0.052500
2 0.208594 0.745326 0.132031 0.258307
2 0.290578 0.686471 0.053812 0.235443
2 0.851422 0.651458 0.194312 0.045208
2 0.633031 0.591497 0.034594 0.142005
2 0.643469 0.584440 0.015750 0.143672
2 0.450945 0.565195 0.018422 0.089453
2 0.735523 0.532526 0.027484 0.050469
2 0.220742 0.553503 0.014797 0.066589
2 0.713906 0.522539 0.028937 0.046276
2 0.340250 0.722161 0.131344 0.214740
2 0.516609 0.593945 0.094406 0.519714
2 0.513281 0.615885 0.964063 0.434896
