2 0.799797 0.549719 0.104813 0.356956
2 0.517445 0.462728 0.062422 0.214731
2 0.340914 0.456745 0.058359 0.208525
2 0.086211 0.546066 0.124453 0.400000
2 0.632711 0.463009 0.052953 0.138103
2 0.241039 0.420246 0.025516 0.120117
2 0.201148 0.408536 0.020109 0.097963
2 0.218938 0.425808 0.021969 0.111241
2 0.423539 0.435902 0.030859 0.144824
2 0.453367 0.438923 0.035047 0.149087
2 0.145383 0.458735 0.040797 0.182904
2 0.167180 0.406253 0.016297 0.105621
2 0.263297 0.387681 0.013719 0.071756
2 0.399219 0.419204 0.029687 0.126464
