2 0.826187 0.493792 0.142219 0.659125
2 0.381758 0.519146 0.283797 0.693708
2 0.458609 0.496625 0.312500 0.668917
2 0.140734 0.485396 0.146625 0.593250
2 0.722328 0.292760 0.053375 0.091188
2 0.049867 0.266906 0.051547 0.182229
2 0.972461 0.343677 0.055078 0.315563
2 0.525617 0.499385 0.203609 0.666438
2 0.679711 0.142281 0.027766 0.063229
2 0.657500 0.134052 0.028000 0.049729
2 0.632922 0.137354 0.020844 0.035583
2 0.921273 0.170823 0.040078 0.064729
2 0.327016 0.240781 0.021250 0.036687
2 0.522656 0.138542 0.714063 0.277083
