2 0.541507 0.223875 0.029332 0.059094
2 0.059052 0.228437 0.020126 0.053750
2 0.091255 0.227055 0.020090 0.051391
2 0.111498 0.238844 0.014549 0.027500
2 0.630866 0.226625 0.034224 0.063844
2 0.181489 0.223320 0.015903 0.043828
2 0.707310 0.224797 0.033935 0.068562
2 0.676309 0.221875 0.026264 0.068469
2 0.731498 0.220414 0.018195 0.066359
2 0.720605 0.205398 0.012004 0.032984
2 0.762644 0.212016 0.014350 0.042531
2 0.777292 0.219820 0.024549 0.054391
2 0.791697 0.206367 0.014260 0.021547
2 0.466606 0.225781 0.933213 0.073438
