2 0.269445 0.772750 0.035266 0.109792
2 0.315180 0.745375 0.022641 0.077292
2 0.401641 0.761365 0.045906 0.127438
2 0.706422 0.762354 0.039469 0.140875
2 0.553148 0.736135 0.020047 0.057479
2 0.513094 0.728802 0.014281 0.052188
2 0.944766 0.710187 0.013437 0.031208
2 0.431711 0.736010 0.014859 0.048729
2 0.324516 0.744521 0.005750 0.008083
2 0.572969 0.719573 0.012969 0.044687
2 0.989016 0.713833 0.013844 0.052000
2 0.919359 0.732448 0.018531 0.076188
2 0.957055 0.705604 0.011234 0.032708
2 0.972656 0.713542 0.023438 0.056250
