2 0.632904 0.350625 0.463372 0.229031
2 0.378220 0.667211 0.046464 0.039141
2 0.557412 0.640391 0.028314 0.052281
2 0.576030 0.635938 0.016838 0.057031
2 0.909145 0.663141 0.029625 0.019000
2 0.822763 0.644687 0.026885 0.058875
2 0.877927 0.661531 0.026628 0.013500
2 0.935059 0.667383 0.018548 0.021703
2 0.771253 0.674188 0.045082 0.066625
2 0.176686 0.562047 0.221850 0.273938
2 0.246663 0.403648 0.037166 0.033141
2 0.967752 0.677414 0.026183 0.024547
2 0.790504 0.643133 0.025316 0.058453
2 0.538642 0.513281 0.918033 0.357812
