2 0.108875 0.682152 0.122625 0.626516
2 0.039992 0.627561 0.079547 0.737336
2 0.494719 0.590102 0.135313 0.819795
2 0.275484 0.658320 0.107719 0.682623
2 0.747734 0.631270 0.134969 0.737459
2 0.667437 0.652705 0.099312 0.694590
2 0.868641 0.643258 0.075750 0.704221
2 0.559672 0.234652 0.055125 0.119713
2 0.187195 0.604488 0.098516 0.768566
2 0.410375 0.633709 0.121656 0.710123
2 0.960320 0.638668 0.079359 0.722664
2 0.820922 0.647623 0.095063 0.698689
2 0.141203 0.375287 0.046531 0.246721
2 0.523438 0.559426 0.950000 0.872951
