2 0.220758 0.698292 0.061734 0.070208
2 0.240914 0.660708 0.032453 0.049750
2 0.527234 0.646469 0.017250 0.056313
2 0.915789 0.730250 0.048109 0.058625
2 0.946219 0.720615 0.029875 0.075146
2 0.820500 0.646708 0.014063 0.055875
2 0.843742 0.644208 0.014797 0.056083
2 0.357211 0.658104 0.022859 0.055625
2 0.682359 0.981115 0.045812 0.037771
2 0.876398 0.967417 0.064047 0.042708
2 0.809852 0.645458 0.011891 0.055500
2 0.847969 0.708458 0.054281 0.090792
2 0.968617 0.928406 0.062766 0.143187
2 0.500000 0.728125 0.996875 0.539583
