2 0.505352 0.485831 0.175516 0.569696
2 0.373352 0.632319 0.222734 0.446651
2 0.182172 0.620222 0.334344 0.530328
2 0.290617 0.322822 0.025453 0.085597
2 0.400266 0.299848 0.031281 0.074684
2 0.061641 0.188279 0.027625 0.038290
2 0.243562 0.242892 0.034094 0.059180
2 0.798484 0.111487 0.022187 0.033888
2 0.475859 0.042096 0.020219 0.037166
2 0.955039 0.357307 0.089922 0.184262
2 0.143453 0.222740 0.025188 0.044965
2 0.970539 0.154368 0.023578 0.058806
2 0.919391 0.102424 0.015438 0.036183
2 0.496094 0.181499 0.992188 0.362998
