2 0.270234 0.688510 0.138906 0.469021
2 0.693039 0.266177 0.069391 0.127354
2 0.753227 0.269240 0.068234 0.120688
2 0.728219 0.308188 0.034969 0.043250
2 0.833000 0.295781 0.048625 0.073146
2 0.973734 0.347458 0.052406 0.105958
2 0.914492 0.214823 0.058703 0.068229
2 0.966852 0.239781 0.066297 0.100146
2 0.444031 0.131906 0.051500 0.065354
2 0.789844 0.228917 0.060688 0.109625
2 0.807063 0.164802 0.077063 0.106396
2 0.652078 0.095083 0.050031 0.074583
2 0.822883 0.112802 0.119422 0.101396
2 0.500000 0.271875 0.996875 0.543750
