2 0.558727 0.129677 0.076234 0.179229
2 0.823883 0.066927 0.072234 0.109813
2 0.529781 0.078240 0.072094 0.093729
2 0.137766 0.163135 0.163469 0.316437
2 0.490891 0.056396 0.048625 0.098875
2 0.612570 0.052406 0.028734 0.081729
2 0.308047 0.058573 0.052656 0.114312
2 0.855875 0.060510 0.023031 0.041896
2 0.436742 0.038177 0.030297 0.059521
2 0.229164 0.154958 0.128141 0.309917
2 0.355492 0.054542 0.051672 0.074292
2 0.059992 0.121427 0.119984 0.240229
2 0.757469 0.026833 0.045812 0.051708
2 0.878125 0.070833 0.240625 0.141667
