2 0.548797 0.577525 0.133000 0.606733
2 0.888312 0.602485 0.223375 0.680178
2 0.426781 0.758366 0.015688 0.061327
2 0.361961 0.774495 0.034266 0.074693
2 0.298961 0.772416 0.023797 0.084713
2 0.117172 0.755822 0.055500 0.114218
2 0.315305 0.708574 0.009828 0.021703
2 0.457508 0.673228 0.013859 0.037545
2 0.708547 0.729198 0.013969 0.052812
2 0.804758 0.684624 0.109203 0.377723
2 0.326617 0.709267 0.012516 0.023406
2 0.382906 0.694257 0.015938 0.041347
2 0.187992 0.699376 0.008391 0.038198
2 0.499219 0.494059 0.614062 0.457426
