2 0.468789 0.912373 0.038016 0.130426
2 0.444570 0.879067 0.031328 0.125842
2 0.571680 0.817191 0.024016 0.101684
2 0.551367 0.818803 0.023797 0.089006
2 0.352547 0.896481 0.045281 0.119087
2 0.361625 0.815872 0.019688 0.060385
2 0.331922 0.842110 0.025562 0.098783
2 0.247172 0.815203 0.032156 0.113651
2 0.209164 0.807688 0.024422 0.101542
2 0.380914 0.861988 0.038203 0.114158
2 0.070719 0.745325 0.017188 0.076004
2 0.110070 0.781430 0.026547 0.077262
2 0.008867 0.749118 0.011328 0.020345
2 0.139844 0.801217 0.154688 0.150101
