2 0.681047 0.542594 0.178250 0.434979
2 0.524617 0.604354 0.190922 0.319333
2 0.818195 0.330302 0.107859 0.133437
2 0.605016 0.320740 0.067062 0.120063
2 0.733148 0.031458 0.084266 0.062917
2 0.407023 0.300000 0.102797 0.123583
2 0.681539 0.325083 0.081578 0.110542
2 0.538484 0.017979 0.072469 0.035958
2 0.267133 0.515729 0.143266 0.397750
2 0.915797 0.039667 0.071594 0.078708
2 0.982266 0.405187 0.030937 0.045625
2 0.539141 0.322042 0.062313 0.101250
2 0.140734 0.148281 0.068156 0.295646
2 0.669531 0.277083 0.642188 0.554167
