2 0.045758 0.631687 0.066391 0.176042
2 0.165836 0.611500 0.051922 0.168667
2 0.219602 0.622188 0.052359 0.140500
2 0.729898 0.567240 0.027141 0.100479
2 0.361445 0.599167 0.042297 0.139250
2 0.397391 0.601365 0.039125 0.131688
2 0.440414 0.586490 0.040203 0.142479
2 0.503242 0.580125 0.048391 0.130125
2 0.538242 0.578271 0.035984 0.124292
2 0.319156 0.605594 0.046875 0.147146
2 0.576719 0.577365 0.042531 0.114312
2 0.273359 0.603354 0.055500 0.155792
2 0.672492 0.562937 0.035516 0.117375
2 0.535937 0.594792 0.912500 0.252083
