2 0.547336 0.354731 0.040891 0.054848
2 0.195070 0.421710 0.052203 0.208337
2 0.088664 0.416393 0.058609 0.171148
2 0.234414 0.206007 0.039109 0.115761
2 0.349984 0.244590 0.050187 0.085012
2 0.311180 0.168888 0.035578 0.084988
2 0.397547 0.502073 0.161750 0.298431
2 0.427469 0.191300 0.044688 0.083068
2 0.727148 0.246628 0.028266 0.061874
2 0.022281 0.414145 0.044156 0.175129
2 0.450922 0.349859 0.050938 0.066230
2 0.504734 0.274555 0.034656 0.088501
2 0.527000 0.324778 0.042906 0.088244
2 0.500000 0.261124 0.996875 0.522248
