2 0.652675 0.738830 0.010650 0.021740
2 0.757725 0.732880 0.029850 0.056160
2 0.188375 0.744380 0.032650 0.052240
2 0.105900 0.730190 0.008500 0.016860
2 0.071513 0.733520 0.019275 0.016400
2 0.663187 0.729180 0.014525 0.041360
2 0.452900 0.732060 0.021400 0.035960
2 0.542488 0.747680 0.016375 0.015400
2 0.494875 0.731300 0.008150 0.008280
2 0.323987 0.728540 0.022575 0.038520
2 0.202425 0.736920 0.016350 0.043600
2 0.217663 0.737480 0.020675 0.039840
2 0.982650 0.730180 0.026300 0.037400
2 0.476250 0.734000 0.827500 0.048000
