2 0.837359 0.435948 0.142437 0.602248
2 0.520648 0.387939 0.095016 0.461030
2 0.396563 0.348314 0.154438 0.417986
2 0.470812 0.230105 0.057437 0.114356
2 0.583984 0.439415 0.194656 0.576487
2 0.643273 0.262295 0.038359 0.159859
2 0.780188 0.300574 0.076812 0.328595
2 0.908359 0.422611 0.108563 0.452670
2 0.927414 0.233806 0.031328 0.101710
2 0.621453 0.313478 0.061469 0.258431
2 0.616555 0.145761 0.034672 0.108197
2 0.742148 0.224719 0.026984 0.103349
2 0.971477 0.248700 0.025203 0.125550
2 0.668750 0.214286 0.659375 0.203747
