2 0.140078 0.636176 0.044219 0.174612
2 0.873523 0.667494 0.080828 0.287647
2 0.036664 0.639600 0.073328 0.180424
2 0.079133 0.634471 0.041453 0.166212
2 0.112797 0.614176 0.028875 0.091882
2 0.092742 0.609341 0.021453 0.097741
2 0.026180 0.644153 0.049359 0.186941
2 0.390594 0.438259 0.067562 0.119765
2 0.905102 0.620035 0.027047 0.123694
2 0.610000 0.428541 0.078312 0.126447
2 0.729055 0.461153 0.040984 0.091106
2 0.961180 0.650259 0.068328 0.304235
2 0.701867 0.432153 0.018672 0.048494
2 0.557813 0.440000 0.468750 0.155294
