2 0.921117 0.416234 0.138328 0.397469
2 0.437078 0.551000 0.546063 0.770781
2 0.314172 0.365242 0.115125 0.294641
2 0.158664 0.307773 0.120922 0.197953
2 0.901062 0.211031 0.056625 0.043562
2 0.381055 0.307445 0.091141 0.230703
2 0.752891 0.385078 0.257250 0.394375
2 0.634875 0.218195 0.053750 0.047297
2 0.848820 0.266453 0.038078 0.138844
2 0.340375 0.170086 0.044000 0.110391
2 0.243820 0.272711 0.048922 0.137797
2 0.560141 0.320172 0.074406 0.146562
2 0.737984 0.174984 0.030469 0.052094
2 0.499219 0.179688 0.998437 0.359375
