2 0.501984 0.764938 0.022125 0.089042
2 0.737609 0.948510 0.060500 0.102604
2 0.489164 0.725656 0.019484 0.080979
2 0.372977 0.752312 0.014391 0.049333
2 0.245445 0.785854 0.063422 0.065500
2 0.463672 0.751667 0.030375 0.095417
2 0.914109 0.771177 0.032188 0.041479
2 0.868656 0.760188 0.020875 0.036125
2 0.059859 0.734844 0.119719 0.530313
2 0.236734 0.745406 0.023938 0.045687
2 0.815141 0.784490 0.027219 0.107729
2 0.350008 0.728740 0.019516 0.093646
2 0.234039 0.795844 0.100391 0.112562
2 0.543750 0.762500 0.909375 0.470833
