2 0.442172 0.642840 0.116219 0.334178
2 0.311797 0.574847 0.095594 0.304202
2 0.464852 0.341831 0.089484 0.134460
2 0.801742 0.406585 0.054547 0.120681
2 0.887742 0.442300 0.029641 0.055399
2 0.952500 0.442817 0.041094 0.109859
2 0.941469 0.400822 0.084469 0.113192
2 0.393133 0.374777 0.015047 0.032653
2 0.424336 0.482101 0.069547 0.101056
2 0.472633 0.414155 0.049828 0.094977
2 0.406687 0.414965 0.036875 0.104484
2 0.361352 0.421326 0.037922 0.047535
2 0.550953 0.418392 0.048031 0.065282
2 0.875781 0.415493 0.067187 0.117371
