2 0.038273 0.751089 0.076547 0.360351
2 0.433875 0.711499 0.099812 0.238595
2 0.378008 0.703911 0.062297 0.249180
2 0.959289 0.680000 0.052953 0.141639
2 0.787852 0.661956 0.055828 0.123208
2 0.175781 0.745281 0.143375 0.313888
2 0.450273 0.618513 0.032734 0.093560
2 0.467773 0.617986 0.032984 0.098876
2 0.743070 0.686944 0.073641 0.168923
2 0.831000 0.666101 0.044469 0.127611
2 0.683375 0.661171 0.039375 0.142108
2 0.987898 0.631019 0.017172 0.044988
2 0.853383 0.667717 0.046297 0.117635
2 0.392188 0.699063 0.671875 0.250585
