2 0.455758 0.617939 0.167422 0.589649
2 0.229219 0.653185 0.058844 0.288197
2 0.716000 0.580597 0.060281 0.129063
2 0.624008 0.568806 0.022766 0.042904
2 0.828195 0.560913 0.051641 0.125433
2 0.887172 0.570726 0.034313 0.094239
2 0.912945 0.604215 0.052578 0.081639
2 0.984602 0.578513 0.030797 0.089297
2 0.758469 0.592494 0.058719 0.105831
2 0.067125 0.682986 0.080969 0.268126
2 0.663500 0.571499 0.050938 0.106370
2 0.851914 0.564649 0.017297 0.042131
2 0.856922 0.595246 0.060719 0.091850
2 0.767969 0.584309 0.423438 0.138173
