2 0.389023 0.437428 0.076984 0.127548
2 0.588656 0.268161 0.073031 0.249447
2 0.111828 0.435613 0.111156 0.098726
2 0.945164 0.375000 0.011578 0.041587
2 0.449109 0.222885 0.014281 0.042115
2 0.819375 0.320445 0.017219 0.024832
2 0.863727 0.338870 0.006859 0.020769
2 0.690602 0.260781 0.013984 0.036178
2 0.438242 0.215769 0.007453 0.011827
2 0.135195 0.324579 0.047047 0.099784
2 0.734969 0.276394 0.014469 0.036683
2 0.424656 0.218906 0.018094 0.049880
2 0.842305 0.324435 0.005422 0.022861
2 0.499219 0.304087 0.970313 0.204327
