2 0.589977 0.486932 0.421234 0.888902
2 0.756711 0.476733 0.140266 0.541383
2 0.824109 0.168078 0.047750 0.120890
2 0.307742 0.163598 0.053234 0.139394
2 0.224688 0.203116 0.068500 0.083011
2 0.337031 0.214252 0.075906 0.067367
2 0.394969 0.209347 0.054375 0.093542
2 0.734867 0.199157 0.067766 0.097670
2 0.856961 0.215341 0.075734 0.082500
2 0.646281 0.070256 0.070469 0.136534
2 0.152047 0.106723 0.060156 0.062424
2 0.971156 0.214337 0.057688 0.097273
2 0.887586 0.192727 0.052922 0.123068
2 0.504687 0.127841 0.987500 0.255682
