2 0.609671 0.662960 0.243457 0.418640
2 0.836200 0.550220 0.088343 0.146040
2 0.237014 0.509030 0.099571 0.161980
2 0.299457 0.465590 0.065829 0.051700
2 0.168429 0.464210 0.065314 0.068900
2 0.152786 0.536250 0.052314 0.109420
2 0.117943 0.471140 0.046571 0.068240
2 0.509114 0.463470 0.033200 0.037420
2 0.303671 0.529060 0.039400 0.117760
2 0.082386 0.462940 0.019571 0.063800
2 0.090371 0.534210 0.036857 0.118780
2 0.596843 0.507130 0.044257 0.080020
2 0.420914 0.531600 0.044286 0.087600
2 0.517143 0.546000 0.851429 0.220000
