2 0.419477 0.791647 0.023547 0.097066
2 0.488219 0.767485 0.017594 0.059162
2 0.465742 0.792066 0.016172 0.059281
2 0.391000 0.794746 0.014500 0.080988
2 0.449555 0.781168 0.012172 0.086587
2 0.349391 0.770719 0.011813 0.054850
2 0.367398 0.762081 0.011578 0.060389
2 0.504672 0.762201 0.014781 0.031168
2 0.332148 0.770180 0.012734 0.080299
2 0.474156 0.778892 0.011094 0.058683
2 0.428570 0.750404 0.006234 0.020389
2 0.874953 0.765464 0.009500 0.032485
2 0.439008 0.801437 0.017109 0.067545
2 0.644531 0.785928 0.670312 0.134731
