2 0.302703 0.537681 0.021594 0.121358
2 0.498523 0.555059 0.031484 0.112365
2 0.431977 0.549578 0.019797 0.109836
2 0.462625 0.525609 0.012094 0.055433
2 0.500773 0.497459 0.015172 0.057213
2 0.657977 0.531803 0.051672 0.101030
2 0.888766 0.567436 0.026937 0.121101
2 0.564250 0.493267 0.019219 0.046019
2 0.928562 0.575679 0.022281 0.115340
2 0.287641 0.537307 0.017813 0.105621
2 0.306219 0.478970 0.015000 0.037190
2 0.452234 0.466230 0.011125 0.052272
2 0.581664 0.521276 0.014984 0.097869
2 0.342969 0.494145 0.360938 0.121780
