2 0.194289 0.563361 0.221828 0.844929
2 0.341672 0.346061 0.195031 0.431462
2 0.463008 0.285012 0.125047 0.296627
2 0.212898 0.077535 0.080391 0.141580
2 0.557930 0.161616 0.057297 0.140354
2 0.736773 0.277217 0.152047 0.343113
2 0.937750 0.235012 0.104969 0.214222
2 0.844625 0.341262 0.072531 0.133939
2 0.042430 0.540448 0.084859 0.173019
2 0.659578 0.154811 0.042844 0.070472
2 0.401578 0.125483 0.051125 0.098325
2 0.846578 0.225542 0.101750 0.175991
2 0.373758 0.043738 0.040547 0.087146
2 0.499219 0.254717 0.998437 0.509434
