2 0.386984 0.570813 0.013844 0.074375
2 0.631852 0.575563 0.021359 0.074625
2 0.410211 0.595667 0.034953 0.129042
2 0.623141 0.567250 0.011250 0.076500
2 0.685531 0.584208 0.019062 0.095000
2 0.060672 0.739333 0.121344 0.435958
2 0.832359 0.621927 0.046906 0.171896
2 0.885766 0.619594 0.047813 0.177563
2 0.737125 0.590667 0.017719 0.107292
2 0.699242 0.560427 0.015047 0.067354
2 0.890148 0.611719 0.045328 0.172646
2 0.787938 0.608292 0.040594 0.182625
2 0.119977 0.580583 0.026484 0.110042
2 0.342187 0.621875 0.234375 0.172917
