2 0.142389 0.228109 0.103560 0.122250
2 0.259520 0.496016 0.325129 0.696688
2 0.351358 0.239578 0.119297 0.162969
2 0.717342 0.497750 0.381475 0.741000
2 0.779052 0.191125 0.060211 0.064031
2 0.479496 0.291477 0.080726 0.235359
2 0.054813 0.272789 0.102365 0.210109
2 0.115539 0.224359 0.091686 0.151656
2 0.414204 0.237562 0.074262 0.160062
2 0.076487 0.181422 0.040843 0.031750
2 0.466639 0.188875 0.058571 0.067156
2 0.539988 0.296281 0.102974 0.253437
2 0.602681 0.201461 0.060913 0.081828
2 0.943794 0.246094 0.107728 0.254688
