2 0.513453 0.401787 0.242844 0.541465
2 0.375227 0.585215 0.045578 0.188555
2 0.341609 0.581289 0.047656 0.197773
2 0.249727 0.586377 0.033391 0.187012
2 0.292133 0.588760 0.052141 0.179785
2 0.679195 0.583057 0.045078 0.173184
2 0.728469 0.580205 0.044969 0.179668
2 0.629898 0.588682 0.039672 0.171074
2 0.484641 0.582168 0.049438 0.183281
2 0.516742 0.572109 0.031797 0.161055
2 0.756977 0.589941 0.022453 0.154297
2 0.583625 0.639404 0.049906 0.085957
2 0.410797 0.577051 0.029344 0.195625
2 0.673438 0.584961 0.165625 0.205078
