2 0.260727 0.421499 0.106953 0.639625
2 0.808563 0.042494 0.013719 0.051077
2 0.199008 0.522506 0.152141 0.843513
2 0.807227 0.375820 0.104109 0.360445
2 0.491766 0.391007 0.125937 0.498876
2 0.708805 0.047248 0.015766 0.059883
2 0.686047 0.043864 0.018781 0.061733
2 0.863305 0.046792 0.014953 0.048478
2 0.673391 0.050445 0.008844 0.049087
2 0.720336 0.045890 0.013484 0.057588
2 0.912320 0.446066 0.121453 0.235972
2 0.775992 0.039836 0.017672 0.064918
2 0.871656 0.043454 0.012094 0.049016
2 0.800000 0.050351 0.384375 0.100703
