2 0.336438 0.192125 0.007437 0.034042
2 0.240711 0.194406 0.007141 0.030687
2 0.184039 0.192698 0.012453 0.040438
2 0.371844 0.193542 0.017906 0.031750
2 0.390484 0.186281 0.010812 0.043521
2 0.401086 0.187333 0.009453 0.038958
2 0.883398 0.151365 0.013766 0.025937
2 0.244375 0.188833 0.006281 0.041958
2 0.424281 0.187344 0.010312 0.038771
2 0.411578 0.193323 0.012031 0.025896
2 0.232023 0.199667 0.007172 0.021083
2 0.891477 0.149115 0.008047 0.018188
2 0.397984 0.242594 0.016500 0.017729
2 0.235937 0.170833 0.018750 0.025000
