2 0.480758 0.393354 0.073922 0.244333
2 0.238383 0.401990 0.057047 0.251979
2 0.192469 0.455635 0.058375 0.119729
2 0.130930 0.446906 0.067766 0.118104
2 0.081836 0.405229 0.029297 0.030833
2 0.154727 0.359146 0.056484 0.167250
2 0.099250 0.334375 0.056094 0.119042
2 0.050469 0.348219 0.048875 0.142979
2 0.300242 0.390875 0.060516 0.213792
2 0.015070 0.333750 0.030141 0.118792
2 0.008086 0.400635 0.016172 0.047313
2 0.807273 0.342615 0.019078 0.064687
2 0.788508 0.343250 0.015141 0.057083
2 0.458594 0.402083 0.860938 0.195833
