2 0.731164 0.576194 0.038297 0.158384
2 0.563836 0.484180 0.021641 0.097588
2 0.586133 0.481686 0.015266 0.092553
2 0.681469 0.489344 0.026937 0.100234
2 0.726844 0.483934 0.024969 0.063700
2 0.984609 0.536639 0.030781 0.148501
2 0.480523 0.535960 0.037484 0.146066
2 0.766742 0.467365 0.013578 0.045738
2 0.893305 0.677248 0.059172 0.181944
2 0.894234 0.537752 0.033625 0.142108
2 0.753984 0.559274 0.025312 0.132319
2 0.785391 0.513419 0.033844 0.120094
2 0.810914 0.481429 0.021672 0.107260
2 0.500000 0.538642 0.996875 0.290398
