2 0.812867 0.560023 0.374266 0.878080
2 0.447773 0.502447 0.435828 0.995105
2 0.290836 0.534801 0.578641 0.930398
2 0.498937 0.074789 0.108813 0.146768
2 0.866594 0.108993 0.149938 0.217986
2 0.734633 0.064286 0.105422 0.128571
2 0.576586 0.513583 0.421734 0.948150
2 0.265594 0.080808 0.078875 0.155855
2 0.214164 0.489368 0.345953 0.841967
2 0.140578 0.396756 0.281156 0.787752
2 0.042352 0.176698 0.084391 0.353396
2 0.338000 0.038232 0.078156 0.076464
2 0.958109 0.055164 0.083781 0.109251
2 0.521875 0.292740 0.950000 0.585480
