2 0.268867 0.683646 0.046953 0.161333
2 0.015359 0.707583 0.030719 0.192958
2 0.137633 0.696729 0.043266 0.150000
2 0.287367 0.690344 0.021859 0.100854
2 0.436703 0.623958 0.014781 0.036458
2 0.204078 0.678302 0.035687 0.143687
2 0.938563 0.654271 0.043656 0.103000
2 0.847859 0.662646 0.033125 0.136917
2 0.820898 0.703052 0.038516 0.218604
2 0.891414 0.705333 0.050516 0.071625
2 0.771008 0.663406 0.026328 0.135646
2 0.958711 0.706333 0.040234 0.053625
2 0.887789 0.651396 0.037266 0.109542
2 0.625000 0.701042 0.631250 0.218750
