2 0.216101 0.633961 0.009906 0.039391
2 0.364567 0.609383 0.130164 0.078766
2 0.469707 0.615094 0.020539 0.036969
2 0.519157 0.561898 0.012881 0.014016
2 0.279368 0.621406 0.024590 0.040000
2 0.611112 0.544914 0.019883 0.038141
2 0.321768 0.659727 0.024941 0.040016
2 0.344485 0.661188 0.020351 0.031813
2 0.549930 0.570898 0.022342 0.042078
2 0.250597 0.606016 0.015808 0.027937
2 0.513970 0.747836 0.024286 0.041297
2 0.584297 0.941055 0.032623 0.056859
2 0.650808 0.958586 0.017073 0.016109
2 0.414520 0.746094 0.491803 0.504687
