2 0.295250 0.456756 0.153313 0.407705
2 0.499586 0.347108 0.127453 0.176323
2 0.745891 0.458056 0.112563 0.275222
2 0.670258 0.492728 0.030953 0.148267
2 0.617766 0.460012 0.032688 0.180585
2 0.706922 0.427061 0.055563 0.062459
2 0.716742 0.499578 0.039859 0.152272
2 0.663531 0.427576 0.031219 0.092904
2 0.590578 0.455925 0.033156 0.171663
2 0.694938 0.472939 0.037031 0.201335
2 0.632867 0.455890 0.048016 0.201710
2 0.940508 0.489871 0.034234 0.301522
2 0.959758 0.504859 0.063234 0.299883
2 0.551562 0.510539 0.834375 0.304450
