2 0.378094 0.536479 0.034250 0.042458
2 0.385297 0.299448 0.033031 0.052937
2 0.431625 0.538729 0.046406 0.041250
2 0.348562 0.314896 0.031563 0.042917
2 0.433180 0.291781 0.032641 0.038771
2 0.482406 0.271771 0.023375 0.049792
2 0.290953 0.534573 0.029250 0.033313
2 0.244461 0.341312 0.035953 0.053708
2 0.462297 0.535833 0.010156 0.034500
2 0.607469 0.577219 0.052594 0.167687
2 0.822133 0.528125 0.006203 0.023542
2 0.569172 0.254344 0.032219 0.037479
2 0.656281 0.611979 0.049219 0.242417
2 0.060937 0.523958 0.025000 0.043750
