2 0.093781 0.083279 0.052594 0.150211
2 0.509867 0.039450 0.084828 0.078899
2 0.547312 0.875211 0.341688 0.249578
2 0.827016 0.700211 0.082063 0.245995
2 0.171117 0.897155 0.269641 0.205691
2 0.419102 0.051276 0.075016 0.100867
2 0.050805 0.102600 0.101609 0.203934
2 0.867289 0.068091 0.074953 0.114731
2 0.699086 0.821124 0.085734 0.202998
2 0.576695 0.059028 0.055484 0.116136
2 0.898750 0.462799 0.079219 0.094122
2 0.312852 0.095843 0.041328 0.118618
2 0.279289 0.089403 0.017234 0.085269
2 0.892188 0.845433 0.212500 0.304450
