2 0.627664 0.355632 0.052672 0.141288
2 0.375453 0.564309 0.130156 0.482951
2 0.189344 0.315199 0.052875 0.155691
2 0.820555 0.291874 0.032797 0.137658
2 0.894602 0.318607 0.042516 0.128220
2 0.923766 0.326979 0.025812 0.120796
2 0.947945 0.312974 0.043422 0.165667
2 0.141555 0.275679 0.030922 0.129578
2 0.043500 0.292740 0.056437 0.124637
2 0.018734 0.210644 0.037469 0.163911
2 0.238539 0.502014 0.133047 0.480094
2 0.130414 0.407014 0.066516 0.308361
2 0.063734 0.235375 0.034219 0.153560
2 0.510156 0.539813 0.298438 0.592506
