2 0.223508 0.778658 0.097984 0.312362
2 0.316617 0.715665 0.091453 0.216193
2 0.439414 0.701044 0.063516 0.179839
2 0.478984 0.690103 0.060750 0.190528
2 0.553656 0.677993 0.043406 0.134472
2 0.584453 0.673922 0.040469 0.118807
2 0.625812 0.720115 0.076250 0.230092
2 0.733437 0.698819 0.069031 0.188601
2 0.799477 0.706044 0.062141 0.185619
2 0.868664 0.690688 0.058641 0.170183
2 0.116148 0.709369 0.054734 0.182225
2 0.047227 0.684381 0.063297 0.172156
2 0.393328 0.666330 0.049062 0.130367
2 0.521094 0.647936 0.864062 0.167431
