2 0.573708 0.700305 0.042583 0.117516
2 0.667948 0.701859 0.060229 0.118094
2 0.381667 0.688195 0.030042 0.095016
2 0.351260 0.687359 0.036021 0.068906
2 0.469521 0.668039 0.029292 0.054641
2 0.987937 0.656008 0.020875 0.046953
2 0.446635 0.672484 0.021979 0.042406
2 0.435521 0.666633 0.021750 0.060828
2 0.313250 0.689461 0.036250 0.065578
2 0.316281 0.655953 0.024063 0.028406
2 0.539167 0.660992 0.017958 0.042109
2 0.546500 0.647664 0.012458 0.020984
2 0.826271 0.738438 0.072042 0.196437
2 0.623958 0.660156 0.368750 0.051562
