2 0.702609 0.666358 0.072438 0.178993
2 0.822820 0.651522 0.051891 0.113162
2 0.160711 0.654473 0.087984 0.197237
2 0.958719 0.654614 0.060625 0.138361
2 0.913594 0.636042 0.020688 0.076347
2 0.045531 0.592143 0.027937 0.038899
2 0.078664 0.575785 0.028359 0.061405
2 0.103242 0.590831 0.024578 0.031077
2 0.267867 0.577693 0.023078 0.057400
2 0.291477 0.577389 0.013484 0.040913
2 0.419195 0.583993 0.016078 0.047096
2 0.541617 0.592951 0.017516 0.047916
2 0.579039 0.589169 0.011922 0.030000
2 0.335938 0.577283 0.031250 0.058548
