2 0.165156 0.630199 0.081031 0.294172
2 0.212969 0.615960 0.046156 0.179007
2 0.306047 0.608493 0.065250 0.181026
2 0.054898 0.607599 0.107672 0.431755
2 0.814195 0.619338 0.156234 0.313974
2 0.239117 0.614603 0.071047 0.200000
2 0.776195 0.617947 0.085391 0.217682
2 0.906891 0.625513 0.121031 0.354338
2 0.951195 0.671904 0.097609 0.382020
2 0.681914 0.626043 0.037609 0.168510
2 0.711430 0.616689 0.054422 0.179470
2 0.748977 0.623675 0.051422 0.201722
2 0.328562 0.569520 0.010906 0.061159
2 0.487500 0.715232 0.975000 0.350993
