2 0.512500 0.314426 0.028906 0.086651
2 0.494047 0.276628 0.017406 0.058501
2 0.602125 0.278314 0.022125 0.054801
2 0.383359 0.275023 0.015313 0.053091
2 0.228141 0.469496 0.014625 0.095059
2 0.729680 0.144707 0.011703 0.028197
2 0.311586 0.263115 0.016422 0.074520
2 0.759266 0.437553 0.012438 0.079087
2 0.418539 0.089813 0.012953 0.032693
2 0.505234 0.521183 0.040406 0.126487
2 0.793164 0.369567 0.018516 0.058759
2 0.979867 0.476276 0.022234 0.044684
2 0.891633 0.307354 0.013547 0.046417
2 0.462938 0.091499 0.012281 0.032927
2 0.500000 0.498829 0.996875 0.997658
