2 0.189070 0.955433 0.042547 0.087635
2 0.952969 0.949403 0.045094 0.101194
2 0.395391 0.983314 0.037187 0.033372
2 0.449148 0.956569 0.030109 0.086862
2 0.498281 0.945304 0.039188 0.109391
2 0.666828 0.915457 0.015906 0.065574
2 0.816641 0.934567 0.015000 0.078642
2 0.369680 0.870609 0.014484 0.038735
2 0.454023 0.855972 0.008172 0.033770
2 0.708414 0.939766 0.034484 0.087635
2 0.567500 0.921569 0.019000 0.036956
2 0.633469 0.934005 0.019000 0.066276
2 0.775141 0.977084 0.054312 0.045831
2 0.804688 0.888759 0.153125 0.124122
