2 0.380531 0.776348 0.009406 0.017056
2 0.367484 0.774787 0.008125 0.017169
2 0.648766 0.750899 0.007906 0.017258
2 0.632781 0.751921 0.009469 0.022899
2 0.394359 0.866213 0.013094 0.026270
2 0.388531 0.880146 0.014750 0.024517
2 0.376016 0.785719 0.010844 0.011843
2 0.399398 0.694753 0.006734 0.009416
2 0.641602 0.746888 0.005859 0.014045
2 0.364094 0.846011 0.010312 0.022270
2 0.401289 0.883101 0.007516 0.020270
2 0.385586 0.694517 0.006203 0.011011
2 0.624328 0.748685 0.005656 0.011573
2 0.623437 0.692135 0.050000 0.026966
