2 0.337606 0.710680 0.276854 0.435953
2 0.562805 0.260789 0.093779 0.056609
2 0.257852 0.280234 0.110681 0.051062
2 0.933040 0.133633 0.120164 0.068734
2 0.189789 0.138141 0.103568 0.073031
2 0.122876 0.146500 0.126502 0.083750
2 0.038991 0.157258 0.076714 0.065547
2 0.496514 0.156133 0.095986 0.121328
2 0.865411 0.097086 0.070258 0.076922
2 0.408122 0.039156 0.086432 0.074875
2 0.331056 0.047859 0.100657 0.080656
2 0.940246 0.090266 0.081338 0.079219
2 0.040716 0.283289 0.081432 0.058016
2 0.454225 0.108594 0.908451 0.217188
