2 0.518125 0.294177 0.027469 0.054604
2 0.607906 0.309844 0.083531 0.069562
2 0.211062 0.282594 0.060594 0.098312
2 0.289203 0.343906 0.109000 0.157354
2 0.349516 0.374135 0.114312 0.221021
2 0.535023 0.195802 0.026141 0.044271
2 0.556648 0.208542 0.018734 0.022167
2 0.656672 0.195615 0.041219 0.059854
2 0.764023 0.251479 0.043047 0.076542
2 0.689039 0.213333 0.021797 0.055750
2 0.657500 0.333229 0.069219 0.127042
2 0.532992 0.282531 0.087391 0.088688
2 0.725930 0.259937 0.029734 0.052333
2 0.589063 0.258333 0.193750 0.108333
