2 0.646359 0.773250 0.219000 0.144292
2 0.884289 0.585583 0.089516 0.389625
2 0.166734 0.364479 0.104375 0.345167
2 0.072492 0.600979 0.127078 0.235917
2 0.091477 0.508135 0.073297 0.096896
2 0.319688 0.254260 0.051656 0.243271
2 0.320867 0.132844 0.037453 0.145104
2 0.461344 0.154063 0.036031 0.175583
2 0.761703 0.455677 0.091844 0.293229
2 0.482023 0.479771 0.047203 0.334833
2 0.492305 0.142292 0.041484 0.190750
2 0.589852 0.439031 0.073391 0.312604
2 0.274719 0.147896 0.045469 0.195792
2 0.520312 0.295833 0.956250 0.562500
