2 0.326805 0.562546 0.444453 0.847192
2 0.077664 0.395651 0.078422 0.197740
2 0.493680 0.348311 0.190703 0.337078
2 0.350781 0.172603 0.138594 0.345205
2 0.682836 0.271244 0.191141 0.533767
2 0.176203 0.145183 0.093469 0.187352
2 0.087664 0.242705 0.169172 0.301119
2 0.514031 0.156107 0.200531 0.312215
2 0.247633 0.436941 0.085047 0.238311
2 0.188625 0.374783 0.126250 0.268653
2 0.605117 0.062694 0.114359 0.115479
2 0.074664 0.084418 0.142203 0.158425
2 0.910758 0.388219 0.177859 0.208767
2 0.499219 0.288813 0.998437 0.577626
