2 0.864734 0.795763 0.042469 0.171573
2 0.289750 0.745669 0.013844 0.023028
2 0.773578 0.815329 0.033844 0.083146
2 0.547219 0.806937 0.028656 0.061056
2 0.685148 0.866901 0.057547 0.220469
2 0.556063 0.859531 0.078844 0.078967
2 0.480164 0.850188 0.040984 0.092019
2 0.462539 0.806033 0.032797 0.068404
2 0.101898 0.884800 0.068484 0.230399
2 0.552078 0.731385 0.021844 0.065634
2 0.275484 0.798674 0.033250 0.170070
2 0.334336 0.839718 0.048078 0.188357
2 0.502133 0.792793 0.045422 0.161596
2 0.222656 0.726526 0.098437 0.091549
