2 0.273828 0.519106 0.380531 0.934824
2 0.439508 0.380353 0.047984 0.118212
2 0.807813 0.703529 0.103125 0.291765
2 0.669070 0.449071 0.057203 0.102941
2 0.733180 0.443800 0.072547 0.140776
2 0.601938 0.622529 0.094188 0.582471
2 0.892375 0.693400 0.101375 0.292776
2 0.337602 0.475976 0.058578 0.077271
2 0.486609 0.599694 0.078000 0.188424
2 0.713430 0.537729 0.063891 0.197106
2 0.759945 0.401671 0.046891 0.124188
2 0.359586 0.328271 0.050203 0.089106
2 0.420914 0.443447 0.066047 0.124871
2 0.499219 0.531765 0.998437 0.701176
