2 0.543664 0.591212 0.085266 0.391882
2 0.595883 0.499894 0.035141 0.198047
2 0.773227 0.533894 0.074047 0.281718
2 0.806656 0.601882 0.152500 0.291388
2 0.902625 0.592353 0.085031 0.336094
2 0.137391 0.531859 0.070531 0.292518
2 0.400836 0.545047 0.143578 0.299553
2 0.617922 0.467553 0.028719 0.135529
2 0.652570 0.419882 0.026297 0.072047
2 0.714930 0.486071 0.057016 0.169318
2 0.350633 0.510906 0.074516 0.223882
2 0.274586 0.535188 0.100141 0.276682
2 0.670367 0.518200 0.062016 0.238329
2 0.509375 0.502353 0.978125 0.265882
