2 0.322883 0.593226 0.170297 0.388443
2 0.598211 0.526613 0.062547 0.147705
2 0.843734 0.601276 0.093094 0.311830
2 0.203539 0.551148 0.050047 0.139085
2 0.165445 0.499294 0.037203 0.059839
2 0.132266 0.566870 0.047969 0.152360
2 0.115703 0.495417 0.029187 0.049133
2 0.538883 0.557785 0.042703 0.150209
2 0.564320 0.484326 0.020422 0.028234
2 0.628352 0.476605 0.028234 0.032279
2 0.477273 0.545530 0.053297 0.196902
2 0.948234 0.578435 0.058937 0.126886
2 0.563625 0.595570 0.058188 0.076533
2 0.505469 0.562600 0.048438 0.165329
