2 0.536766 0.688105 0.032500 0.158460
2 0.780336 0.689389 0.036297 0.166210
2 0.283852 0.690110 0.024547 0.142029
2 0.363328 0.688166 0.025562 0.138729
2 0.478727 0.686565 0.030172 0.165648
2 0.265742 0.687824 0.020109 0.148313
2 0.847789 0.685330 0.042547 0.175208
2 0.405992 0.683741 0.019391 0.134230
2 0.433250 0.677689 0.033656 0.143888
2 0.276445 0.688765 0.145047 0.159535
2 0.564320 0.687188 0.028734 0.143276
2 0.690539 0.692995 0.028984 0.154645
2 0.066141 0.680721 0.034437 0.144034
2 0.499219 0.691932 0.998437 0.205379
