2 0.668279 0.578633 0.113326 0.110703
2 0.717119 0.757078 0.158033 0.175719
2 0.614368 0.759047 0.109766 0.175500
2 0.556815 0.757781 0.159859 0.175969
2 0.298934 0.698172 0.112763 0.182563
2 0.787237 0.752203 0.139063 0.173625
2 0.124543 0.698703 0.109133 0.188500
2 0.502974 0.381688 0.275550 0.324688
2 0.588700 0.580711 0.080632 0.059672
2 0.150995 0.575320 0.105644 0.076734
2 0.050562 0.700859 0.101124 0.179406
2 0.426066 0.756445 0.104824 0.183859
2 0.882260 0.750617 0.156417 0.180766
2 0.487119 0.415625 0.969555 0.790625
