2 0.357063 0.908061 0.063344 0.183692
2 0.245180 0.957114 0.044422 0.085771
2 0.858633 0.874813 0.046203 0.190701
2 0.546016 0.770678 0.013813 0.071075
2 0.207648 0.823902 0.022484 0.109393
2 0.125844 0.892734 0.030437 0.151355
2 0.510766 0.794264 0.020250 0.092640
2 0.365023 0.792126 0.009078 0.045093
2 0.347187 0.792815 0.024625 0.052500
2 0.740672 0.801343 0.029969 0.095070
2 0.273203 0.753890 0.017469 0.068902
2 0.191383 0.862967 0.029609 0.086869
2 0.917633 0.853738 0.045391 0.183505
2 0.542180 0.906028 0.048078 0.126121
2 0.500000 0.822430 0.996875 0.350467
