2 0.058148 0.791010 0.116297 0.391021
2 0.399867 0.856333 0.099109 0.287333
2 0.358180 0.852396 0.084078 0.271292
2 0.286687 0.849094 0.076469 0.296854
2 0.723617 0.826010 0.072109 0.203937
2 0.780102 0.844073 0.069703 0.288562
2 0.829383 0.848396 0.068797 0.254667
2 0.924477 0.809354 0.053422 0.192125
2 0.007531 0.347573 0.014563 0.122021
2 0.990672 0.781240 0.018656 0.152021
2 0.364234 0.719844 0.027906 0.055146
2 0.491820 0.821510 0.034984 0.080396
2 0.514813 0.821302 0.032438 0.073021
2 0.416406 0.747917 0.382812 0.133333
