2 0.672813 0.484701 0.110563 0.391016
2 0.714352 0.610964 0.117766 0.110990
2 0.698586 0.671367 0.289328 0.128516
2 0.518906 0.483711 0.061125 0.401641
2 0.086766 0.595990 0.038312 0.058333
2 0.329336 0.588464 0.061984 0.080573
2 0.418187 0.601823 0.087656 0.065990
2 0.410250 0.535195 0.030656 0.144766
2 0.282023 0.536198 0.015516 0.074167
2 0.106664 0.586523 0.024953 0.073672
2 0.844031 0.582096 0.065125 0.098568
2 0.574625 0.532487 0.027875 0.093724
2 0.053352 0.677513 0.105859 0.059661
2 0.501563 0.552083 0.993750 0.312500
