2 0.221805 0.725890 0.125766 0.337534
2 0.072344 0.615841 0.091469 0.398493
2 0.613516 0.595802 0.009125 0.020450
2 0.707547 0.602818 0.011219 0.028611
2 0.733141 0.621086 0.015563 0.043033
2 0.481656 0.595675 0.021281 0.069432
2 0.564203 0.605254 0.021125 0.067769
2 0.223094 0.571810 0.023781 0.050000
2 0.202922 0.577916 0.022687 0.068278
2 0.538719 0.634061 0.048562 0.051566
2 0.605727 0.602994 0.023734 0.081174
2 0.639242 0.616947 0.013141 0.042896
2 0.833672 0.637387 0.019094 0.069883
2 0.517969 0.607632 0.835938 0.138943
