2 0.886136 0.556305 0.131663 0.261266
2 0.075960 0.409336 0.151920 0.389609
2 0.525703 0.311578 0.273326 0.336562
2 0.808126 0.507672 0.108571 0.286375
2 0.809098 0.426422 0.034871 0.033594
2 0.789895 0.447859 0.040211 0.029375
2 0.749087 0.484531 0.036721 0.035687
2 0.710059 0.554867 0.049625 0.154828
2 0.671651 0.555984 0.058150 0.119125
2 0.646534 0.519289 0.022623 0.040234
2 0.597705 0.550195 0.077986 0.124359
2 0.750550 0.548859 0.064895 0.174000
2 0.877916 0.500586 0.154145 0.317609
2 0.546838 0.400781 0.901639 0.598437
