2 0.652984 0.691578 0.024625 0.101813
2 0.802547 0.697539 0.033219 0.107797
2 0.508523 0.680789 0.023047 0.094734
2 0.485156 0.684828 0.029313 0.087625
2 0.471141 0.677195 0.018594 0.081203
2 0.397750 0.674547 0.026281 0.087656
2 0.717352 0.703016 0.045359 0.133875
2 0.334648 0.670195 0.020547 0.058203
2 0.689711 0.689586 0.033672 0.129047
2 0.354633 0.670227 0.021703 0.073078
2 0.833062 0.711664 0.052812 0.131078
2 0.883008 0.660531 0.042172 0.075094
2 0.301570 0.666000 0.017203 0.056906
2 0.325781 0.688281 0.589063 0.123438
