2 0.801328 0.833125 0.283500 0.285375
2 0.251953 0.660010 0.043844 0.094604
2 0.325078 0.671354 0.072594 0.100958
2 0.032180 0.687323 0.061953 0.125854
2 0.184852 0.617573 0.048766 0.066687
2 0.128555 0.627490 0.050453 0.057479
2 0.262766 0.581562 0.017406 0.058625
2 0.151055 0.557625 0.014078 0.041792
2 0.014156 0.574948 0.020969 0.088146
2 0.672117 0.621042 0.013766 0.030792
2 0.096414 0.579448 0.015953 0.043312
2 0.169844 0.565948 0.005906 0.024604
2 0.291070 0.665615 0.039016 0.091188
2 0.196094 0.613542 0.195312 0.185417
