2 0.346992 0.623454 0.139109 0.476370
2 0.214797 0.590972 0.068250 0.361756
2 0.176023 0.594602 0.035172 0.154637
2 0.918430 0.563700 0.045703 0.274098
2 0.055758 0.524391 0.026266 0.232951
2 0.971125 0.555094 0.057750 0.258431
2 0.463922 0.596230 0.039531 0.267073
2 0.284398 0.585621 0.067266 0.467681
2 0.151430 0.557869 0.092953 0.328103
2 0.187531 0.433923 0.011875 0.025878
2 0.225414 0.453384 0.029328 0.111967
2 0.112734 0.446686 0.017406 0.065691
2 0.882563 0.520703 0.047594 0.234426
2 0.254688 0.570258 0.421875 0.358314
