2 0.626141 0.637801 0.020469 0.095884
2 0.605797 0.636034 0.024094 0.096647
2 0.530055 0.627118 0.033141 0.109699
2 0.579344 0.634578 0.031031 0.098313
2 0.350289 0.611516 0.015484 0.076807
2 0.366281 0.615572 0.020906 0.083594
2 0.315641 0.609558 0.021313 0.073133
2 0.063578 0.606486 0.029875 0.079116
2 0.294687 0.609739 0.017906 0.071084
2 0.016039 0.595452 0.016609 0.089056
2 0.047336 0.603735 0.018391 0.076908
2 0.041109 0.600934 0.019719 0.067289
2 0.719586 0.645843 0.026391 0.089317
2 0.664844 0.636546 0.260937 0.112450
