2 0.472039 0.594289 0.335578 0.580872
2 0.724203 0.596709 0.025688 0.096170
2 0.755320 0.583727 0.022453 0.093280
2 0.844758 0.588096 0.028141 0.083257
2 0.789523 0.566778 0.013891 0.059885
2 0.910656 0.562947 0.067719 0.139335
2 0.894719 0.569656 0.013906 0.053394
2 0.773195 0.580860 0.020172 0.105482
2 0.189219 0.578865 0.033156 0.075711
2 0.231383 0.567867 0.016266 0.066468
2 0.707430 0.570539 0.020141 0.060894
2 0.681781 0.577718 0.020156 0.042041
2 0.881672 0.578417 0.025719 0.056330
2 0.457813 0.573394 0.834375 0.077982
